(1692,1229) (1673,1170)(1692,1229) (1692,1322)(19.0935,55.579) (0,60)
(1692,1229) (1673,1170)(2183,418) (2104,425)(19.0935,55.579) (84.9086,754.222)
(1692,1229) (1673,1170)(2051,440) (1996,464)(19.0935,55.579) (66.4063,550.99)
(1692,1229) (1673,1170)(1996,464) (1931,502)(19.0935,55.579) (59.6389,472.396)
(1692,1229) (1673,1170)(1931,502) (1825,599)(19.0935,55.579) (47.5638,330.789)
(1692,1229) (1673,1170)(1825,599) (1753,697)(19.0935,55.579) (36.4972,214.513)
(1692,1229) (1673,1170)(1753,697) (1665,853)(19.0935,55.579) (29.5604,153.538)
(1692,1229) (1673,1170)(1665,853) (1631,926)(19.0935,55.579) (25.1531,126.724)
(1692,1229) (1673,1170)(1608,1000) (1578,1071)(19.0935,55.579) (23.0615,109.292)
(1692,1229) (1673,1170)(1537,1182) (1582,1058)(19.0935,55.579) (20.1707,103.629)
(1692,1229) (1673,1170)(1582,1058) (1608,1001)(19.0935,55.579) (24.5672,114.382)
(1692,1229) (1673,1170)(1607,991) (1630,929)(19.0935,55.579) (20.6841,104.478)
(1692,1229) (1673,1170)(1630,929) (1667,849)(19.0935,55.579) (24.7435,125.65)
(1692,1229) (1673,1170)(1667,849) (1752,699)(19.0935,55.579) (29.6992,154.429)
(1692,1229) (1673,1170)(1752,699) (1833,591)(19.0935,55.579) (36.8699,219)
(1692,1229) (1673,1170)(1833,591) (1933,501)(19.0935,55.579) (48.0128,336.043)
(1692,1229) (1673,1170)(1933,501) (1998,463)(19.0935,55.579) (59.6389,472.25)
(1692,1229) (1673,1170)(1998,463) (2054,439)(19.0935,55.579) (66.8014,555.295)
(1692,1229) (1673,1170)(2054,439) (2116,423)(19.0935,55.579) (75.4969,654.649)
(1692,1229) (1673,1170)(2116,423) (2184,418)(19.0935,55.579) (85.7968,763.351)
(1692,1229) (1673,1170)(1370,1628) (1353,1701)(19.0935,55.579) (13.3602,163.542)
(1692,1229) (1673,1170)(1307,1943) (1289,2017)(19.0935,55.579) (13.8462,145.855)
(1692,1229) (1673,1170)(2325,2010) (2322,1942)(19.0935,55.579) (2.5274,657.684)
(1692,1229) (1673,1170)(2284,1320) (2279,1166)(19.0935,55.579) (1.94448,648.541)
(1673,1170) (1692,1229)(1692,1229) (1692,1322)(19.0935,55.579) (0,60)
(1673,1170) (1692,1229)(2183,418) (2104,425)(19.0935,55.579) (84.9086,754.222)
(1673,1170) (1692,1229)(2051,440) (1996,464)(19.0935,55.579) (66.4063,550.99)
(1673,1170) (1692,1229)(1996,464) (1931,502)(19.0935,55.579) (59.6389,472.396)
(1673,1170) (1692,1229)(1931,502) (1825,599)(19.0935,55.579) (47.5638,330.789)
(1673,1170) (1692,1229)(1825,599) (1753,697)(19.0935,55.579) (36.4972,214.513)
(1673,1170) (1692,1229)(1753,697) (1665,853)(19.0935,55.579) (29.5604,153.538)
(1673,1170) (1692,1229)(1665,853) (1631,926)(19.0935,55.579) (25.1531,126.724)
(1673,1170) (1692,1229)(1608,1000) (1578,1071)(19.0935,55.579) (23.0615,109.292)
(1673,1170) (1692,1229)(1537,1182) (1582,1058)(19.0935,55.579) (20.1707,103.629)
(1673,1170) (1692,1229)(1582,1058) (1608,1001)(19.0935,55.579) (24.5672,114.382)
(1673,1170) (1692,1229)(1607,991) (1630,929)(19.0935,55.579) (20.6841,104.478)
(1673,1170) (1692,1229)(1630,929) (1667,849)(19.0935,55.579) (24.7435,125.65)
(1673,1170) (1692,1229)(1667,849) (1752,699)(19.0935,55.579) (29.6992,154.429)
(1673,1170) (1692,1229)(1752,699) (1833,591)(19.0935,55.579) (36.8699,219)
(1673,1170) (1692,1229)(1833,591) (1933,501)(19.0935,55.579) (48.0128,336.043)
(1673,1170) (1692,1229)(1933,501) (1998,463)(19.0935,55.579) (59.6389,472.25)
(1673,1170) (1692,1229)(1998,463) (2054,439)(19.0935,55.579) (66.8014,555.295)
(1673,1170) (1692,1229)(2054,439) (2116,423)(19.0935,55.579) (75.4969,654.649)
(1673,1170) (1692,1229)(2116,423) (2184,418)(19.0935,55.579) (85.7968,763.351)
(1673,1170) (1692,1229)(1370,1628) (1353,1701)(19.0935,55.579) (13.3602,163.542)
(1673,1170) (1692,1229)(1307,1943) (1289,2017)(19.0935,55.579) (13.8462,145.855)
(1673,1170) (1692,1229)(2325,2010) (2322,1942)(19.0935,55.579) (2.5274,657.684)
(1673,1170) (1692,1229)(2284,1320) (2279,1166)(19.0935,55.579) (1.94448,648.541)
(1692,1229) (1692,1322)(1692,1229) (1673,1170)(0,60) (19.0935,55.579)
(1692,1229) (1692,1322)(1673,1170) (1692,1229)(0,60) (19.0935,55.579)
(1692,1229) (1692,1322)(2183,418) (2104,425)(0,60) (84.9086,754.222)
(1692,1229) (1692,1322)(2051,440) (1996,464)(0,60) (66.4063,550.99)
(1692,1229) (1692,1322)(1996,464) (1931,502)(0,60) (59.6389,472.396)
(1692,1229) (1692,1322)(1931,502) (1825,599)(0,60) (47.5638,330.789)
(1692,1229) (1692,1322)(1825,599) (1753,697)(0,60) (36.4972,214.513)
(1692,1229) (1692,1322)(1753,697) (1665,853)(0,60) (29.5604,153.538)
(1692,1229) (1692,1322)(1665,853) (1631,926)(0,60) (25.1531,126.724)
(1692,1229) (1692,1322)(1608,1000) (1578,1071)(0,60) (23.0615,109.292)
(1692,1229) (1692,1322)(1537,1182) (1582,1058)(0,60) (20.1707,103.629)
(1692,1229) (1692,1322)(1582,1058) (1608,1001)(0,60) (24.5672,114.382)
(1692,1229) (1692,1322)(1607,991) (1630,929)(0,60) (20.6841,104.478)
(1692,1229) (1692,1322)(1630,929) (1667,849)(0,60) (24.7435,125.65)
(1692,1229) (1692,1322)(1667,849) (1752,699)(0,60) (29.6992,154.429)
(1692,1229) (1692,1322)(1752,699) (1833,591)(0,60) (36.8699,219)
(1692,1229) (1692,1322)(1833,591) (1933,501)(0,60) (48.0128,336.043)
(1692,1229) (1692,1322)(1933,501) (1998,463)(0,60) (59.6389,472.25)
(1692,1229) (1692,1322)(1998,463) (2054,439)(0,60) (66.8014,555.295)
(1692,1229) (1692,1322)(2054,439) (2116,423)(0,60) (75.4969,654.649)
(1692,1229) (1692,1322)(2116,423) (2184,418)(0,60) (85.7968,763.351)
(1692,1229) (1692,1322)(2336,1475) (2301,1391)(0,60) (22.6677,553.308)
(2183,418) (2104,425)(2051,440) (1996,464)(84.9086,754.222) (66.4063,550.99)
(2183,418) (2104,425)(1996,464) (1931,502)(84.9086,754.222) (59.6389,472.396)
(2183,418) (2104,425)(1931,502) (1825,599)(84.9086,754.222) (47.5638,330.789)
(2183,418) (2104,425)(1825,599) (1753,697)(84.9086,754.222) (36.4972,214.513)
(2183,418) (2104,425)(1753,697) (1665,853)(84.9086,754.222) (29.5604,153.538)
(2183,418) (2104,425)(1665,853) (1631,926)(84.9086,754.222) (25.1531,126.724)
(2183,418) (2104,425)(1608,1000) (1578,1071)(84.9086,754.222) (23.0615,109.292)
(2183,418) (2104,425)(1537,1182) (1582,1058)(84.9086,754.222) (20.1707,103.629)
(2183,418) (2104,425)(1582,1058) (1608,1001)(84.9086,754.222) (24.5672,114.382)
(2183,418) (2104,425)(1607,991) (1630,929)(84.9086,754.222) (20.6841,104.478)
(2183,418) (2104,425)(1630,929) (1667,849)(84.9086,754.222) (24.7435,125.65)
(2183,418) (2104,425)(1667,849) (1752,699)(84.9086,754.222) (29.6992,154.429)
(2183,418) (2104,425)(1752,699) (1833,591)(84.9086,754.222) (36.8699,219)
(2183,418) (2104,425)(1833,591) (1933,501)(84.9086,754.222) (48.0128,336.043)
(2183,418) (2104,425)(1933,501) (1998,463)(84.9086,754.222) (59.6389,472.25)
(2183,418) (2104,425)(1998,463) (2054,439)(84.9086,754.222) (66.8014,555.295)
(2183,418) (2104,425)(2221,956) (2229,1035)(84.9086,754.222) (5.81304,613.004)
(2183,418) (2104,425)(1370,1628) (1353,1701)(84.9086,754.222) (13.3602,163.542)
(2183,418) (2104,425)(1307,1943) (1289,2017)(84.9086,754.222) (13.8462,145.855)
(2183,418) (2104,425)(2325,2010) (2322,1942)(84.9086,754.222) (2.5274,657.684)
(2183,418) (2104,425)(2377,1711) (2365,1633)(84.9086,754.222) (8.77908,662.285)
(2183,418) (2104,425)(2284,1320) (2279,1166)(84.9086,754.222) (1.94448,648.541)
(2183,418) (2104,425)(2236,1052) (2221,955)(84.9086,754.222) (8.87213,623.191)
(2183,418) (2104,425)(2216,931) (2200,754)(84.9086,754.222) (5.19443,608.007)
(2051,440) (1996,464)(2183,418) (2104,425)(66.4063,550.99) (84.9086,754.222)
(2051,440) (1996,464)(1931,502) (1825,599)(66.4063,550.99) (47.5638,330.789)
(2051,440) (1996,464)(1825,599) (1753,697)(66.4063,550.99) (36.4972,214.513)
(2051,440) (1996,464)(1753,697) (1665,853)(66.4063,550.99) (29.5604,153.538)
(2051,440) (1996,464)(1665,853) (1631,926)(66.4063,550.99) (25.1531,126.724)
(2051,440) (1996,464)(1608,1000) (1578,1071)(66.4063,550.99) (23.0615,109.292)
(2051,440) (1996,464)(1537,1182) (1582,1058)(66.4063,550.99) (20.1707,103.629)
(2051,440) (1996,464)(1582,1058) (1608,1001)(66.4063,550.99) (24.5672,114.382)
(2051,440) (1996,464)(1607,991) (1630,929)(66.4063,550.99) (20.6841,104.478)
(2051,440) (1996,464)(1630,929) (1667,849)(66.4063,550.99) (24.7435,125.65)
(2051,440) (1996,464)(1667,849) (1752,699)(66.4063,550.99) (29.6992,154.429)
(2051,440) (1996,464)(1752,699) (1833,591)(66.4063,550.99) (36.8699,219)
(2051,440) (1996,464)(1833,591) (1933,501)(66.4063,550.99) (48.0128,336.043)
(2051,440) (1996,464)(2116,423) (2184,418)(66.4063,550.99) (85.7968,763.351)
(2051,440) (1996,464)(2221,956) (2229,1035)(66.4063,550.99) (5.81304,613.004)
(2051,440) (1996,464)(1370,1628) (1353,1701)(66.4063,550.99) (13.3602,163.542)
(2051,440) (1996,464)(1307,1943) (1289,2017)(66.4063,550.99) (13.8462,145.855)
(2051,440) (1996,464)(2325,2010) (2322,1942)(66.4063,550.99) (2.5274,657.684)
(2051,440) (1996,464)(2377,1711) (2365,1633)(66.4063,550.99) (8.77908,662.285)
(2051,440) (1996,464)(2284,1320) (2279,1166)(66.4063,550.99) (1.94448,648.541)
(2051,440) (1996,464)(2236,1052) (2221,955)(66.4063,550.99) (8.87213,623.191)
(2051,440) (1996,464)(2216,931) (2200,754)(66.4063,550.99) (5.19443,608.007)
(1996,464) (1931,502)(2183,418) (2104,425)(59.6389,472.396) (84.9086,754.222)
(1996,464) (1931,502)(1825,599) (1753,697)(59.6389,472.396) (36.4972,214.513)
(1996,464) (1931,502)(1753,697) (1665,853)(59.6389,472.396) (29.5604,153.538)
(1996,464) (1931,502)(1665,853) (1631,926)(59.6389,472.396) (25.1531,126.724)
(1996,464) (1931,502)(1608,1000) (1578,1071)(59.6389,472.396) (23.0615,109.292)
(1996,464) (1931,502)(1537,1182) (1582,1058)(59.6389,472.396) (20.1707,103.629)
(1996,464) (1931,502)(1582,1058) (1608,1001)(59.6389,472.396) (24.5672,114.382)
(1996,464) (1931,502)(1607,991) (1630,929)(59.6389,472.396) (20.6841,104.478)
(1996,464) (1931,502)(1630,929) (1667,849)(59.6389,472.396) (24.7435,125.65)
(1996,464) (1931,502)(1667,849) (1752,699)(59.6389,472.396) (29.6992,154.429)
(1996,464) (1931,502)(1752,699) (1833,591)(59.6389,472.396) (36.8699,219)
(1996,464) (1931,502)(2054,439) (2116,423)(59.6389,472.396) (75.4969,654.649)
(1996,464) (1931,502)(2116,423) (2184,418)(59.6389,472.396) (85.7968,763.351)
(1996,464) (1931,502)(2221,956) (2229,1035)(59.6389,472.396) (5.81304,613.004)
(1996,464) (1931,502)(1370,1628) (1353,1701)(59.6389,472.396) (13.3602,163.542)
(1996,464) (1931,502)(1307,1943) (1289,2017)(59.6389,472.396) (13.8462,145.855)
(1996,464) (1931,502)(2325,2010) (2322,1942)(59.6389,472.396) (2.5274,657.684)
(1996,464) (1931,502)(2377,1711) (2365,1633)(59.6389,472.396) (8.77908,662.285)
(1996,464) (1931,502)(2336,1475) (2301,1391)(59.6389,472.396) (22.6677,553.308)
(1996,464) (1931,502)(2284,1320) (2279,1166)(59.6389,472.396) (1.94448,648.541)
(1996,464) (1931,502)(2236,1052) (2221,955)(59.6389,472.396) (8.87213,623.191)
(1996,464) (1931,502)(2216,931) (2200,754)(59.6389,472.396) (5.19443,608.007)
(1931,502) (1825,599)(2183,418) (2104,425)(47.5638,330.789) (84.9086,754.222)
(1931,502) (1825,599)(2051,440) (1996,464)(47.5638,330.789) (66.4063,550.99)
(1931,502) (1825,599)(1753,697) (1665,853)(47.5638,330.789) (29.5604,153.538)
(1931,502) (1825,599)(1665,853) (1631,926)(47.5638,330.789) (25.1531,126.724)
(1931,502) (1825,599)(1608,1000) (1578,1071)(47.5638,330.789) (23.0615,109.292)
(1931,502) (1825,599)(1537,1182) (1582,1058)(47.5638,330.789) (20.1707,103.629)
(1931,502) (1825,599)(1582,1058) (1608,1001)(47.5638,330.789) (24.5672,114.382)
(1931,502) (1825,599)(1607,991) (1630,929)(47.5638,330.789) (20.6841,104.478)
(1931,502) (1825,599)(1630,929) (1667,849)(47.5638,330.789) (24.7435,125.65)
(1931,502) (1825,599)(1667,849) (1752,699)(47.5638,330.789) (29.6992,154.429)
(1931,502) (1825,599)(1998,463) (2054,439)(47.5638,330.789) (66.8014,555.295)
(1931,502) (1825,599)(2054,439) (2116,423)(47.5638,330.789) (75.4969,654.649)
(1931,502) (1825,599)(2116,423) (2184,418)(47.5638,330.789) (85.7968,763.351)
(1931,502) (1825,599)(2221,956) (2229,1035)(47.5638,330.789) (5.81304,613.004)
(1931,502) (1825,599)(1370,1628) (1353,1701)(47.5638,330.789) (13.3602,163.542)
(1931,502) (1825,599)(1307,1943) (1289,2017)(47.5638,330.789) (13.8462,145.855)
(1931,502) (1825,599)(2325,2010) (2322,1942)(47.5638,330.789) (2.5274,657.684)
(1931,502) (1825,599)(2377,1711) (2365,1633)(47.5638,330.789) (8.77908,662.285)
(1931,502) (1825,599)(2336,1475) (2301,1391)(47.5638,330.789) (22.6677,553.308)
(1931,502) (1825,599)(2284,1320) (2279,1166)(47.5638,330.789) (1.94448,648.541)
(1931,502) (1825,599)(2236,1052) (2221,955)(47.5638,330.789) (8.87213,623.191)
(1931,502) (1825,599)(2216,931) (2200,754)(47.5638,330.789) (5.19443,608.007)
(1825,599) (1753,697)(2183,418) (2104,425)(36.4972,214.513) (84.9086,754.222)
(1825,599) (1753,697)(2051,440) (1996,464)(36.4972,214.513) (66.4063,550.99)
(1825,599) (1753,697)(1996,464) (1931,502)(36.4972,214.513) (59.6389,472.396)
(1825,599) (1753,697)(1537,1182) (1582,1058)(36.4972,214.513) (20.1707,103.629)
(1825,599) (1753,697)(1607,991) (1630,929)(36.4972,214.513) (20.6841,104.478)
(1825,599) (1753,697)(1933,501) (1998,463)(36.4972,214.513) (59.6389,472.25)
(1825,599) (1753,697)(1998,463) (2054,439)(36.4972,214.513) (66.8014,555.295)
(1825,599) (1753,697)(2054,439) (2116,423)(36.4972,214.513) (75.4969,654.649)
(1825,599) (1753,697)(2116,423) (2184,418)(36.4972,214.513) (85.7968,763.351)
(1825,599) (1753,697)(2221,956) (2229,1035)(36.4972,214.513) (5.81304,613.004)
(1825,599) (1753,697)(1370,1628) (1353,1701)(36.4972,214.513) (13.3602,163.542)
(1825,599) (1753,697)(1307,1943) (1289,2017)(36.4972,214.513) (13.8462,145.855)
(1825,599) (1753,697)(2325,2010) (2322,1942)(36.4972,214.513) (2.5274,657.684)
(1825,599) (1753,697)(2377,1711) (2365,1633)(36.4972,214.513) (8.77908,662.285)
(1825,599) (1753,697)(2336,1475) (2301,1391)(36.4972,214.513) (22.6677,553.308)
(1825,599) (1753,697)(2284,1320) (2279,1166)(36.4972,214.513) (1.94448,648.541)
(1825,599) (1753,697)(2236,1052) (2221,955)(36.4972,214.513) (8.87213,623.191)
(1825,599) (1753,697)(2216,931) (2200,754)(36.4972,214.513) (5.19443,608.007)
(1753,697) (1665,853)(1692,1229) (1692,1322)(29.5604,153.538) (0,60)
(1753,697) (1665,853)(2183,418) (2104,425)(29.5604,153.538) (84.9086,754.222)
(1753,697) (1665,853)(2051,440) (1996,464)(29.5604,153.538) (66.4063,550.99)
(1753,697) (1665,853)(1996,464) (1931,502)(29.5604,153.538) (59.6389,472.396)
(1753,697) (1665,853)(1931,502) (1825,599)(29.5604,153.538) (47.5638,330.789)
(1753,697) (1665,853)(1833,591) (1933,501)(29.5604,153.538) (48.0128,336.043)
(1753,697) (1665,853)(1933,501) (1998,463)(29.5604,153.538) (59.6389,472.25)
(1753,697) (1665,853)(1998,463) (2054,439)(29.5604,153.538) (66.8014,555.295)
(1753,697) (1665,853)(2054,439) (2116,423)(29.5604,153.538) (75.4969,654.649)
(1753,697) (1665,853)(2116,423) (2184,418)(29.5604,153.538) (85.7968,763.351)
(1753,697) (1665,853)(2221,956) (2229,1035)(29.5604,153.538) (5.81304,613.004)
(1753,697) (1665,853)(1370,1628) (1353,1701)(29.5604,153.538) (13.3602,163.542)
(1753,697) (1665,853)(1307,1943) (1289,2017)(29.5604,153.538) (13.8462,145.855)
(1753,697) (1665,853)(2325,2010) (2322,1942)(29.5604,153.538) (2.5274,657.684)
(1753,697) (1665,853)(2377,1711) (2365,1633)(29.5604,153.538) (8.77908,662.285)
(1753,697) (1665,853)(2336,1475) (2301,1391)(29.5604,153.538) (22.6677,553.308)
(1753,697) (1665,853)(2284,1320) (2279,1166)(29.5604,153.538) (1.94448,648.541)
(1753,697) (1665,853)(2236,1052) (2221,955)(29.5604,153.538) (8.87213,623.191)
(1753,697) (1665,853)(2216,931) (2200,754)(29.5604,153.538) (5.19443,608.007)
(1665,853) (1631,926)(1692,1229) (1692,1322)(25.1531,126.724) (0,60)
(1665,853) (1631,926)(2183,418) (2104,425)(25.1531,126.724) (84.9086,754.222)
(1665,853) (1631,926)(2051,440) (1996,464)(25.1531,126.724) (66.4063,550.99)
(1665,853) (1631,926)(1996,464) (1931,502)(25.1531,126.724) (59.6389,472.396)
(1665,853) (1631,926)(1931,502) (1825,599)(25.1531,126.724) (47.5638,330.789)
(1665,853) (1631,926)(1833,591) (1933,501)(25.1531,126.724) (48.0128,336.043)
(1665,853) (1631,926)(1933,501) (1998,463)(25.1531,126.724) (59.6389,472.25)
(1665,853) (1631,926)(1998,463) (2054,439)(25.1531,126.724) (66.8014,555.295)
(1665,853) (1631,926)(2054,439) (2116,423)(25.1531,126.724) (75.4969,654.649)
(1665,853) (1631,926)(2116,423) (2184,418)(25.1531,126.724) (85.7968,763.351)
(1665,853) (1631,926)(2221,956) (2229,1035)(25.1531,126.724) (5.81304,613.004)
(1665,853) (1631,926)(2325,2010) (2322,1942)(25.1531,126.724) (2.5274,657.684)
(1665,853) (1631,926)(2377,1711) (2365,1633)(25.1531,126.724) (8.77908,662.285)
(1665,853) (1631,926)(2336,1475) (2301,1391)(25.1531,126.724) (22.6677,553.308)
(1665,853) (1631,926)(2284,1320) (2279,1166)(25.1531,126.724) (1.94448,648.541)
(1665,853) (1631,926)(2236,1052) (2221,955)(25.1531,126.724) (8.87213,623.191)
(1665,853) (1631,926)(2216,931) (2200,754)(25.1531,126.724) (5.19443,608.007)
(1608,1000) (1578,1071)(1692,1229) (1673,1170)(23.0615,109.292) (19.0935,55.579)
(1608,1000) (1578,1071)(1673,1170) (1692,1229)(23.0615,109.292) (19.0935,55.579)
(1608,1000) (1578,1071)(1692,1229) (1692,1322)(23.0615,109.292) (0,60)
(1608,1000) (1578,1071)(2183,418) (2104,425)(23.0615,109.292) (84.9086,754.222)
(1608,1000) (1578,1071)(2051,440) (1996,464)(23.0615,109.292) (66.4063,550.99)
(1608,1000) (1578,1071)(1996,464) (1931,502)(23.0615,109.292) (59.6389,472.396)
(1608,1000) (1578,1071)(1931,502) (1825,599)(23.0615,109.292) (47.5638,330.789)
(1608,1000) (1578,1071)(1833,591) (1933,501)(23.0615,109.292) (48.0128,336.043)
(1608,1000) (1578,1071)(1933,501) (1998,463)(23.0615,109.292) (59.6389,472.25)
(1608,1000) (1578,1071)(1998,463) (2054,439)(23.0615,109.292) (66.8014,555.295)
(1608,1000) (1578,1071)(2054,439) (2116,423)(23.0615,109.292) (75.4969,654.649)
(1608,1000) (1578,1071)(2116,423) (2184,418)(23.0615,109.292) (85.7968,763.351)
(1608,1000) (1578,1071)(2221,956) (2229,1035)(23.0615,109.292) (5.81304,613.004)
(1608,1000) (1578,1071)(2325,2010) (2322,1942)(23.0615,109.292) (2.5274,657.684)
(1608,1000) (1578,1071)(2377,1711) (2365,1633)(23.0615,109.292) (8.77908,662.285)
(1608,1000) (1578,1071)(2336,1475) (2301,1391)(23.0615,109.292) (22.6677,553.308)
(1608,1000) (1578,1071)(2284,1320) (2279,1166)(23.0615,109.292) (1.94448,648.541)
(1608,1000) (1578,1071)(2236,1052) (2221,955)(23.0615,109.292) (8.87213,623.191)
(1608,1000) (1578,1071)(2216,931) (2200,754)(23.0615,109.292) (5.19443,608.007)
(1537,1182) (1582,1058)(1692,1229) (1673,1170)(20.1707,103.629) (19.0935,55.579)
(1537,1182) (1582,1058)(1673,1170) (1692,1229)(20.1707,103.629) (19.0935,55.579)
(1537,1182) (1582,1058)(1692,1229) (1692,1322)(20.1707,103.629) (0,60)
(1537,1182) (1582,1058)(2183,418) (2104,425)(20.1707,103.629) (84.9086,754.222)
(1537,1182) (1582,1058)(2051,440) (1996,464)(20.1707,103.629) (66.4063,550.99)
(1537,1182) (1582,1058)(1996,464) (1931,502)(20.1707,103.629) (59.6389,472.396)
(1537,1182) (1582,1058)(1931,502) (1825,599)(20.1707,103.629) (47.5638,330.789)
(1537,1182) (1582,1058)(1825,599) (1753,697)(20.1707,103.629) (36.4972,214.513)
(1537,1182) (1582,1058)(1752,699) (1833,591)(20.1707,103.629) (36.8699,219)
(1537,1182) (1582,1058)(1833,591) (1933,501)(20.1707,103.629) (48.0128,336.043)
(1537,1182) (1582,1058)(1933,501) (1998,463)(20.1707,103.629) (59.6389,472.25)
(1537,1182) (1582,1058)(1998,463) (2054,439)(20.1707,103.629) (66.8014,555.295)
(1537,1182) (1582,1058)(2054,439) (2116,423)(20.1707,103.629) (75.4969,654.649)
(1537,1182) (1582,1058)(2116,423) (2184,418)(20.1707,103.629) (85.7968,763.351)
(1537,1182) (1582,1058)(2221,956) (2229,1035)(20.1707,103.629) (5.81304,613.004)
(1537,1182) (1582,1058)(2325,2010) (2322,1942)(20.1707,103.629) (2.5274,657.684)
(1537,1182) (1582,1058)(2377,1711) (2365,1633)(20.1707,103.629) (8.77908,662.285)
(1537,1182) (1582,1058)(2336,1475) (2301,1391)(20.1707,103.629) (22.6677,553.308)
(1537,1182) (1582,1058)(2284,1320) (2279,1166)(20.1707,103.629) (1.94448,648.541)
(1537,1182) (1582,1058)(2236,1052) (2221,955)(20.1707,103.629) (8.87213,623.191)
(1537,1182) (1582,1058)(2216,931) (2200,754)(20.1707,103.629) (5.19443,608.007)
(1582,1058) (1608,1001)(1692,1229) (1673,1170)(24.5672,114.382) (19.0935,55.579)
(1582,1058) (1608,1001)(1673,1170) (1692,1229)(24.5672,114.382) (19.0935,55.579)
(1582,1058) (1608,1001)(1692,1229) (1692,1322)(24.5672,114.382) (0,60)
(1582,1058) (1608,1001)(2183,418) (2104,425)(24.5672,114.382) (84.9086,754.222)
(1582,1058) (1608,1001)(2051,440) (1996,464)(24.5672,114.382) (66.4063,550.99)
(1582,1058) (1608,1001)(1996,464) (1931,502)(24.5672,114.382) (59.6389,472.396)
(1582,1058) (1608,1001)(1931,502) (1825,599)(24.5672,114.382) (47.5638,330.789)
(1582,1058) (1608,1001)(1833,591) (1933,501)(24.5672,114.382) (48.0128,336.043)
(1582,1058) (1608,1001)(1933,501) (1998,463)(24.5672,114.382) (59.6389,472.25)
(1582,1058) (1608,1001)(1998,463) (2054,439)(24.5672,114.382) (66.8014,555.295)
(1582,1058) (1608,1001)(2054,439) (2116,423)(24.5672,114.382) (75.4969,654.649)
(1582,1058) (1608,1001)(2116,423) (2184,418)(24.5672,114.382) (85.7968,763.351)
(1582,1058) (1608,1001)(2221,956) (2229,1035)(24.5672,114.382) (5.81304,613.004)
(1582,1058) (1608,1001)(2325,2010) (2322,1942)(24.5672,114.382) (2.5274,657.684)
(1582,1058) (1608,1001)(2377,1711) (2365,1633)(24.5672,114.382) (8.77908,662.285)
(1582,1058) (1608,1001)(2336,1475) (2301,1391)(24.5672,114.382) (22.6677,553.308)
(1582,1058) (1608,1001)(2284,1320) (2279,1166)(24.5672,114.382) (1.94448,648.541)
(1582,1058) (1608,1001)(2236,1052) (2221,955)(24.5672,114.382) (8.87213,623.191)
(1582,1058) (1608,1001)(2216,931) (2200,754)(24.5672,114.382) (5.19443,608.007)
(1607,991) (1630,929)(1692,1229) (1673,1170)(20.6841,104.478) (19.0935,55.579)
(1607,991) (1630,929)(1673,1170) (1692,1229)(20.6841,104.478) (19.0935,55.579)
(1607,991) (1630,929)(1692,1229) (1692,1322)(20.6841,104.478) (0,60)
(1607,991) (1630,929)(2183,418) (2104,425)(20.6841,104.478) (84.9086,754.222)
(1607,991) (1630,929)(2051,440) (1996,464)(20.6841,104.478) (66.4063,550.99)
(1607,991) (1630,929)(1996,464) (1931,502)(20.6841,104.478) (59.6389,472.396)
(1607,991) (1630,929)(1931,502) (1825,599)(20.6841,104.478) (47.5638,330.789)
(1607,991) (1630,929)(1825,599) (1753,697)(20.6841,104.478) (36.4972,214.513)
(1607,991) (1630,929)(1752,699) (1833,591)(20.6841,104.478) (36.8699,219)
(1607,991) (1630,929)(1833,591) (1933,501)(20.6841,104.478) (48.0128,336.043)
(1607,991) (1630,929)(1933,501) (1998,463)(20.6841,104.478) (59.6389,472.25)
(1607,991) (1630,929)(1998,463) (2054,439)(20.6841,104.478) (66.8014,555.295)
(1607,991) (1630,929)(2054,439) (2116,423)(20.6841,104.478) (75.4969,654.649)
(1607,991) (1630,929)(2116,423) (2184,418)(20.6841,104.478) (85.7968,763.351)
(1607,991) (1630,929)(2221,956) (2229,1035)(20.6841,104.478) (5.81304,613.004)
(1607,991) (1630,929)(2325,2010) (2322,1942)(20.6841,104.478) (2.5274,657.684)
(1607,991) (1630,929)(2377,1711) (2365,1633)(20.6841,104.478) (8.77908,662.285)
(1607,991) (1630,929)(2336,1475) (2301,1391)(20.6841,104.478) (22.6677,553.308)
(1607,991) (1630,929)(2284,1320) (2279,1166)(20.6841,104.478) (1.94448,648.541)
(1607,991) (1630,929)(2236,1052) (2221,955)(20.6841,104.478) (8.87213,623.191)
(1607,991) (1630,929)(2216,931) (2200,754)(20.6841,104.478) (5.19443,608.007)
(1630,929) (1667,849)(1692,1229) (1692,1322)(24.7435,125.65) (0,60)
(1630,929) (1667,849)(2183,418) (2104,425)(24.7435,125.65) (84.9086,754.222)
(1630,929) (1667,849)(2051,440) (1996,464)(24.7435,125.65) (66.4063,550.99)
(1630,929) (1667,849)(1996,464) (1931,502)(24.7435,125.65) (59.6389,472.396)
(1630,929) (1667,849)(1931,502) (1825,599)(24.7435,125.65) (47.5638,330.789)
(1630,929) (1667,849)(1833,591) (1933,501)(24.7435,125.65) (48.0128,336.043)
(1630,929) (1667,849)(1933,501) (1998,463)(24.7435,125.65) (59.6389,472.25)
(1630,929) (1667,849)(1998,463) (2054,439)(24.7435,125.65) (66.8014,555.295)
(1630,929) (1667,849)(2054,439) (2116,423)(24.7435,125.65) (75.4969,654.649)
(1630,929) (1667,849)(2116,423) (2184,418)(24.7435,125.65) (85.7968,763.351)
(1630,929) (1667,849)(2221,956) (2229,1035)(24.7435,125.65) (5.81304,613.004)
(1630,929) (1667,849)(2325,2010) (2322,1942)(24.7435,125.65) (2.5274,657.684)
(1630,929) (1667,849)(2377,1711) (2365,1633)(24.7435,125.65) (8.77908,662.285)
(1630,929) (1667,849)(2336,1475) (2301,1391)(24.7435,125.65) (22.6677,553.308)
(1630,929) (1667,849)(2284,1320) (2279,1166)(24.7435,125.65) (1.94448,648.541)
(1630,929) (1667,849)(2236,1052) (2221,955)(24.7435,125.65) (8.87213,623.191)
(1630,929) (1667,849)(2216,931) (2200,754)(24.7435,125.65) (5.19443,608.007)
(1667,849) (1752,699)(1692,1229) (1692,1322)(29.6992,154.429) (0,60)
(1667,849) (1752,699)(2183,418) (2104,425)(29.6992,154.429) (84.9086,754.222)
(1667,849) (1752,699)(2051,440) (1996,464)(29.6992,154.429) (66.4063,550.99)
(1667,849) (1752,699)(1996,464) (1931,502)(29.6992,154.429) (59.6389,472.396)
(1667,849) (1752,699)(1931,502) (1825,599)(29.6992,154.429) (47.5638,330.789)
(1667,849) (1752,699)(1833,591) (1933,501)(29.6992,154.429) (48.0128,336.043)
(1667,849) (1752,699)(1933,501) (1998,463)(29.6992,154.429) (59.6389,472.25)
(1667,849) (1752,699)(1998,463) (2054,439)(29.6992,154.429) (66.8014,555.295)
(1667,849) (1752,699)(2054,439) (2116,423)(29.6992,154.429) (75.4969,654.649)
(1667,849) (1752,699)(2116,423) (2184,418)(29.6992,154.429) (85.7968,763.351)
(1667,849) (1752,699)(2221,956) (2229,1035)(29.6992,154.429) (5.81304,613.004)
(1667,849) (1752,699)(1370,1628) (1353,1701)(29.6992,154.429) (13.3602,163.542)
(1667,849) (1752,699)(1307,1943) (1289,2017)(29.6992,154.429) (13.8462,145.855)
(1667,849) (1752,699)(2325,2010) (2322,1942)(29.6992,154.429) (2.5274,657.684)
(1667,849) (1752,699)(2377,1711) (2365,1633)(29.6992,154.429) (8.77908,662.285)
(1667,849) (1752,699)(2336,1475) (2301,1391)(29.6992,154.429) (22.6677,553.308)
(1667,849) (1752,699)(2284,1320) (2279,1166)(29.6992,154.429) (1.94448,648.541)
(1667,849) (1752,699)(2236,1052) (2221,955)(29.6992,154.429) (8.87213,623.191)
(1667,849) (1752,699)(2216,931) (2200,754)(29.6992,154.429) (5.19443,608.007)
(1752,699) (1833,591)(2183,418) (2104,425)(36.8699,219) (84.9086,754.222)
(1752,699) (1833,591)(2051,440) (1996,464)(36.8699,219) (66.4063,550.99)
(1752,699) (1833,591)(1996,464) (1931,502)(36.8699,219) (59.6389,472.396)
(1752,699) (1833,591)(1537,1182) (1582,1058)(36.8699,219) (20.1707,103.629)
(1752,699) (1833,591)(1607,991) (1630,929)(36.8699,219) (20.6841,104.478)
(1752,699) (1833,591)(1933,501) (1998,463)(36.8699,219) (59.6389,472.25)
(1752,699) (1833,591)(1998,463) (2054,439)(36.8699,219) (66.8014,555.295)
(1752,699) (1833,591)(2054,439) (2116,423)(36.8699,219) (75.4969,654.649)
(1752,699) (1833,591)(2116,423) (2184,418)(36.8699,219) (85.7968,763.351)
(1752,699) (1833,591)(2221,956) (2229,1035)(36.8699,219) (5.81304,613.004)
(1752,699) (1833,591)(1370,1628) (1353,1701)(36.8699,219) (13.3602,163.542)
(1752,699) (1833,591)(1307,1943) (1289,2017)(36.8699,219) (13.8462,145.855)
(1752,699) (1833,591)(2325,2010) (2322,1942)(36.8699,219) (2.5274,657.684)
(1752,699) (1833,591)(2377,1711) (2365,1633)(36.8699,219) (8.77908,662.285)
(1752,699) (1833,591)(2336,1475) (2301,1391)(36.8699,219) (22.6677,553.308)
(1752,699) (1833,591)(2284,1320) (2279,1166)(36.8699,219) (1.94448,648.541)
(1752,699) (1833,591)(2236,1052) (2221,955)(36.8699,219) (8.87213,623.191)
(1752,699) (1833,591)(2216,931) (2200,754)(36.8699,219) (5.19443,608.007)
(1833,591) (1933,501)(2183,418) (2104,425)(48.0128,336.043) (84.9086,754.222)
(1833,591) (1933,501)(2051,440) (1996,464)(48.0128,336.043) (66.4063,550.99)
(1833,591) (1933,501)(1753,697) (1665,853)(48.0128,336.043) (29.5604,153.538)
(1833,591) (1933,501)(1665,853) (1631,926)(48.0128,336.043) (25.1531,126.724)
(1833,591) (1933,501)(1608,1000) (1578,1071)(48.0128,336.043) (23.0615,109.292)
(1833,591) (1933,501)(1537,1182) (1582,1058)(48.0128,336.043) (20.1707,103.629)
(1833,591) (1933,501)(1582,1058) (1608,1001)(48.0128,336.043) (24.5672,114.382)
(1833,591) (1933,501)(1607,991) (1630,929)(48.0128,336.043) (20.6841,104.478)
(1833,591) (1933,501)(1630,929) (1667,849)(48.0128,336.043) (24.7435,125.65)
(1833,591) (1933,501)(1667,849) (1752,699)(48.0128,336.043) (29.6992,154.429)
(1833,591) (1933,501)(1998,463) (2054,439)(48.0128,336.043) (66.8014,555.295)
(1833,591) (1933,501)(2054,439) (2116,423)(48.0128,336.043) (75.4969,654.649)
(1833,591) (1933,501)(2116,423) (2184,418)(48.0128,336.043) (85.7968,763.351)
(1833,591) (1933,501)(2221,956) (2229,1035)(48.0128,336.043) (5.81304,613.004)
(1833,591) (1933,501)(1370,1628) (1353,1701)(48.0128,336.043) (13.3602,163.542)
(1833,591) (1933,501)(1307,1943) (1289,2017)(48.0128,336.043) (13.8462,145.855)
(1833,591) (1933,501)(2325,2010) (2322,1942)(48.0128,336.043) (2.5274,657.684)
(1833,591) (1933,501)(2377,1711) (2365,1633)(48.0128,336.043) (8.77908,662.285)
(1833,591) (1933,501)(2336,1475) (2301,1391)(48.0128,336.043) (22.6677,553.308)
(1833,591) (1933,501)(2284,1320) (2279,1166)(48.0128,336.043) (1.94448,648.541)
(1833,591) (1933,501)(2236,1052) (2221,955)(48.0128,336.043) (8.87213,623.191)
(1833,591) (1933,501)(2216,931) (2200,754)(48.0128,336.043) (5.19443,608.007)
(1933,501) (1998,463)(2183,418) (2104,425)(59.6389,472.25) (84.9086,754.222)
(1933,501) (1998,463)(1825,599) (1753,697)(59.6389,472.25) (36.4972,214.513)
(1933,501) (1998,463)(1753,697) (1665,853)(59.6389,472.25) (29.5604,153.538)
(1933,501) (1998,463)(1665,853) (1631,926)(59.6389,472.25) (25.1531,126.724)
(1933,501) (1998,463)(1608,1000) (1578,1071)(59.6389,472.25) (23.0615,109.292)
(1933,501) (1998,463)(1537,1182) (1582,1058)(59.6389,472.25) (20.1707,103.629)
(1933,501) (1998,463)(1582,1058) (1608,1001)(59.6389,472.25) (24.5672,114.382)
(1933,501) (1998,463)(1607,991) (1630,929)(59.6389,472.25) (20.6841,104.478)
(1933,501) (1998,463)(1630,929) (1667,849)(59.6389,472.25) (24.7435,125.65)
(1933,501) (1998,463)(1667,849) (1752,699)(59.6389,472.25) (29.6992,154.429)
(1933,501) (1998,463)(1752,699) (1833,591)(59.6389,472.25) (36.8699,219)
(1933,501) (1998,463)(2054,439) (2116,423)(59.6389,472.25) (75.4969,654.649)
(1933,501) (1998,463)(2116,423) (2184,418)(59.6389,472.25) (85.7968,763.351)
(1933,501) (1998,463)(2221,956) (2229,1035)(59.6389,472.25) (5.81304,613.004)
(1933,501) (1998,463)(1370,1628) (1353,1701)(59.6389,472.25) (13.3602,163.542)
(1933,501) (1998,463)(1307,1943) (1289,2017)(59.6389,472.25) (13.8462,145.855)
(1933,501) (1998,463)(2325,2010) (2322,1942)(59.6389,472.25) (2.5274,657.684)
(1933,501) (1998,463)(2377,1711) (2365,1633)(59.6389,472.25) (8.77908,662.285)
(1933,501) (1998,463)(2336,1475) (2301,1391)(59.6389,472.25) (22.6677,553.308)
(1933,501) (1998,463)(2284,1320) (2279,1166)(59.6389,472.25) (1.94448,648.541)
(1933,501) (1998,463)(2236,1052) (2221,955)(59.6389,472.25) (8.87213,623.191)
(1933,501) (1998,463)(2216,931) (2200,754)(59.6389,472.25) (5.19443,608.007)
(1998,463) (2054,439)(2183,418) (2104,425)(66.8014,555.295) (84.9086,754.222)
(1998,463) (2054,439)(1931,502) (1825,599)(66.8014,555.295) (47.5638,330.789)
(1998,463) (2054,439)(1825,599) (1753,697)(66.8014,555.295) (36.4972,214.513)
(1998,463) (2054,439)(1753,697) (1665,853)(66.8014,555.295) (29.5604,153.538)
(1998,463) (2054,439)(1665,853) (1631,926)(66.8014,555.295) (25.1531,126.724)
(1998,463) (2054,439)(1608,1000) (1578,1071)(66.8014,555.295) (23.0615,109.292)
(1998,463) (2054,439)(1537,1182) (1582,1058)(66.8014,555.295) (20.1707,103.629)
(1998,463) (2054,439)(1582,1058) (1608,1001)(66.8014,555.295) (24.5672,114.382)
(1998,463) (2054,439)(1607,991) (1630,929)(66.8014,555.295) (20.6841,104.478)
(1998,463) (2054,439)(1630,929) (1667,849)(66.8014,555.295) (24.7435,125.65)
(1998,463) (2054,439)(1667,849) (1752,699)(66.8014,555.295) (29.6992,154.429)
(1998,463) (2054,439)(1752,699) (1833,591)(66.8014,555.295) (36.8699,219)
(1998,463) (2054,439)(1833,591) (1933,501)(66.8014,555.295) (48.0128,336.043)
(1998,463) (2054,439)(2116,423) (2184,418)(66.8014,555.295) (85.7968,763.351)
(1998,463) (2054,439)(2221,956) (2229,1035)(66.8014,555.295) (5.81304,613.004)
(1998,463) (2054,439)(1370,1628) (1353,1701)(66.8014,555.295) (13.3602,163.542)
(1998,463) (2054,439)(1307,1943) (1289,2017)(66.8014,555.295) (13.8462,145.855)
(1998,463) (2054,439)(2325,2010) (2322,1942)(66.8014,555.295) (2.5274,657.684)
(1998,463) (2054,439)(2377,1711) (2365,1633)(66.8014,555.295) (8.77908,662.285)
(1998,463) (2054,439)(2284,1320) (2279,1166)(66.8014,555.295) (1.94448,648.541)
(1998,463) (2054,439)(2236,1052) (2221,955)(66.8014,555.295) (8.87213,623.191)
(1998,463) (2054,439)(2216,931) (2200,754)(66.8014,555.295) (5.19443,608.007)
(2054,439) (2116,423)(1996,464) (1931,502)(75.4969,654.649) (59.6389,472.396)
(2054,439) (2116,423)(1931,502) (1825,599)(75.4969,654.649) (47.5638,330.789)
(2054,439) (2116,423)(1825,599) (1753,697)(75.4969,654.649) (36.4972,214.513)
(2054,439) (2116,423)(1753,697) (1665,853)(75.4969,654.649) (29.5604,153.538)
(2054,439) (2116,423)(1665,853) (1631,926)(75.4969,654.649) (25.1531,126.724)
(2054,439) (2116,423)(1608,1000) (1578,1071)(75.4969,654.649) (23.0615,109.292)
(2054,439) (2116,423)(1537,1182) (1582,1058)(75.4969,654.649) (20.1707,103.629)
(2054,439) (2116,423)(1582,1058) (1608,1001)(75.4969,654.649) (24.5672,114.382)
(2054,439) (2116,423)(1607,991) (1630,929)(75.4969,654.649) (20.6841,104.478)
(2054,439) (2116,423)(1630,929) (1667,849)(75.4969,654.649) (24.7435,125.65)
(2054,439) (2116,423)(1667,849) (1752,699)(75.4969,654.649) (29.6992,154.429)
(2054,439) (2116,423)(1752,699) (1833,591)(75.4969,654.649) (36.8699,219)
(2054,439) (2116,423)(1833,591) (1933,501)(75.4969,654.649) (48.0128,336.043)
(2054,439) (2116,423)(1933,501) (1998,463)(75.4969,654.649) (59.6389,472.25)
(2054,439) (2116,423)(2221,956) (2229,1035)(75.4969,654.649) (5.81304,613.004)
(2054,439) (2116,423)(1370,1628) (1353,1701)(75.4969,654.649) (13.3602,163.542)
(2054,439) (2116,423)(1307,1943) (1289,2017)(75.4969,654.649) (13.8462,145.855)
(2054,439) (2116,423)(2325,2010) (2322,1942)(75.4969,654.649) (2.5274,657.684)
(2054,439) (2116,423)(2377,1711) (2365,1633)(75.4969,654.649) (8.77908,662.285)
(2054,439) (2116,423)(2284,1320) (2279,1166)(75.4969,654.649) (1.94448,648.541)
(2054,439) (2116,423)(2236,1052) (2221,955)(75.4969,654.649) (8.87213,623.191)
(2054,439) (2116,423)(2216,931) (2200,754)(75.4969,654.649) (5.19443,608.007)
(2116,423) (2184,418)(2051,440) (1996,464)(85.7968,763.351) (66.4063,550.99)
(2116,423) (2184,418)(1996,464) (1931,502)(85.7968,763.351) (59.6389,472.396)
(2116,423) (2184,418)(1931,502) (1825,599)(85.7968,763.351) (47.5638,330.789)
(2116,423) (2184,418)(1825,599) (1753,697)(85.7968,763.351) (36.4972,214.513)
(2116,423) (2184,418)(1753,697) (1665,853)(85.7968,763.351) (29.5604,153.538)
(2116,423) (2184,418)(1665,853) (1631,926)(85.7968,763.351) (25.1531,126.724)
(2116,423) (2184,418)(1608,1000) (1578,1071)(85.7968,763.351) (23.0615,109.292)
(2116,423) (2184,418)(1537,1182) (1582,1058)(85.7968,763.351) (20.1707,103.629)
(2116,423) (2184,418)(1582,1058) (1608,1001)(85.7968,763.351) (24.5672,114.382)
(2116,423) (2184,418)(1607,991) (1630,929)(85.7968,763.351) (20.6841,104.478)
(2116,423) (2184,418)(1630,929) (1667,849)(85.7968,763.351) (24.7435,125.65)
(2116,423) (2184,418)(1667,849) (1752,699)(85.7968,763.351) (29.6992,154.429)
(2116,423) (2184,418)(1752,699) (1833,591)(85.7968,763.351) (36.8699,219)
(2116,423) (2184,418)(1833,591) (1933,501)(85.7968,763.351) (48.0128,336.043)
(2116,423) (2184,418)(1933,501) (1998,463)(85.7968,763.351) (59.6389,472.25)
(2116,423) (2184,418)(1998,463) (2054,439)(85.7968,763.351) (66.8014,555.295)
(2116,423) (2184,418)(2221,956) (2229,1035)(85.7968,763.351) (5.81304,613.004)
(2116,423) (2184,418)(1370,1628) (1353,1701)(85.7968,763.351) (13.3602,163.542)
(2116,423) (2184,418)(1307,1943) (1289,2017)(85.7968,763.351) (13.8462,145.855)
(2116,423) (2184,418)(2325,2010) (2322,1942)(85.7968,763.351) (2.5274,657.684)
(2116,423) (2184,418)(2377,1711) (2365,1633)(85.7968,763.351) (8.77908,662.285)
(2116,423) (2184,418)(2284,1320) (2279,1166)(85.7968,763.351) (1.94448,648.541)
(2116,423) (2184,418)(2236,1052) (2221,955)(85.7968,763.351) (8.87213,623.191)
(2116,423) (2184,418)(2216,931) (2200,754)(85.7968,763.351) (5.19443,608.007)
(2221,956) (2229,1035)(2183,418) (2104,425)(5.81304,613.004) (84.9086,754.222)
(2221,956) (2229,1035)(2051,440) (1996,464)(5.81304,613.004) (66.4063,550.99)
(2221,956) (2229,1035)(1996,464) (1931,502)(5.81304,613.004) (59.6389,472.396)
(2221,956) (2229,1035)(1931,502) (1825,599)(5.81304,613.004) (47.5638,330.789)
(2221,956) (2229,1035)(1825,599) (1753,697)(5.81304,613.004) (36.4972,214.513)
(2221,956) (2229,1035)(1753,697) (1665,853)(5.81304,613.004) (29.5604,153.538)
(2221,956) (2229,1035)(1665,853) (1631,926)(5.81304,613.004) (25.1531,126.724)
(2221,956) (2229,1035)(1608,1000) (1578,1071)(5.81304,613.004) (23.0615,109.292)
(2221,956) (2229,1035)(1537,1182) (1582,1058)(5.81304,613.004) (20.1707,103.629)
(2221,956) (2229,1035)(1582,1058) (1608,1001)(5.81304,613.004) (24.5672,114.382)
(2221,956) (2229,1035)(1607,991) (1630,929)(5.81304,613.004) (20.6841,104.478)
(2221,956) (2229,1035)(1630,929) (1667,849)(5.81304,613.004) (24.7435,125.65)
(2221,956) (2229,1035)(1667,849) (1752,699)(5.81304,613.004) (29.6992,154.429)
(2221,956) (2229,1035)(1752,699) (1833,591)(5.81304,613.004) (36.8699,219)
(2221,956) (2229,1035)(1833,591) (1933,501)(5.81304,613.004) (48.0128,336.043)
(2221,956) (2229,1035)(1933,501) (1998,463)(5.81304,613.004) (59.6389,472.25)
(2221,956) (2229,1035)(1998,463) (2054,439)(5.81304,613.004) (66.8014,555.295)
(2221,956) (2229,1035)(2054,439) (2116,423)(5.81304,613.004) (75.4969,654.649)
(2221,956) (2229,1035)(2116,423) (2184,418)(5.81304,613.004) (85.7968,763.351)
(2221,956) (2229,1035)(1370,1628) (1353,1701)(5.81304,613.004) (13.3602,163.542)
(2221,956) (2229,1035)(1307,1943) (1289,2017)(5.81304,613.004) (13.8462,145.855)
(2221,956) (2229,1035)(2196,616) (2233,521)(5.81304,613.004) (338.827,304.892)
(2370,2021) (2313,2071)(2183,418) (2104,425)(311.265,1085.82) (84.9086,754.222)
(2370,2021) (2313,2071)(2051,440) (1996,464)(311.265,1085.82) (66.4063,550.99)
(2370,2021) (2313,2071)(1753,697) (1665,853)(311.265,1085.82) (29.5604,153.538)
(2370,2021) (2313,2071)(1665,853) (1631,926)(311.265,1085.82) (25.1531,126.724)
(2370,2021) (2313,2071)(1608,1000) (1578,1071)(311.265,1085.82) (23.0615,109.292)
(2370,2021) (2313,2071)(1537,1182) (1582,1058)(311.265,1085.82) (20.1707,103.629)
(2370,2021) (2313,2071)(1582,1058) (1608,1001)(311.265,1085.82) (24.5672,114.382)
(2370,2021) (2313,2071)(1607,991) (1630,929)(311.265,1085.82) (20.6841,104.478)
(2370,2021) (2313,2071)(1630,929) (1667,849)(311.265,1085.82) (24.7435,125.65)
(2370,2021) (2313,2071)(1667,849) (1752,699)(311.265,1085.82) (29.6992,154.429)
(2370,2021) (2313,2071)(1998,463) (2054,439)(311.265,1085.82) (66.8014,555.295)
(2370,2021) (2313,2071)(2054,439) (2116,423)(311.265,1085.82) (75.4969,654.649)
(2370,2021) (2313,2071)(2116,423) (2184,418)(311.265,1085.82) (85.7968,763.351)
(2370,2021) (2313,2071)(2221,956) (2229,1035)(311.265,1085.82) (5.81304,613.004)
(2370,2021) (2313,2071)(1370,1628) (1353,1701)(311.265,1085.82) (13.3602,163.542)
(2370,2021) (2313,2071)(1307,1943) (1289,2017)(311.265,1085.82) (13.8462,145.855)
(2370,2021) (2313,2071)(2325,2010) (2322,1942)(311.265,1085.82) (2.5274,657.684)
(2370,2021) (2313,2071)(2377,1711) (2365,1633)(311.265,1085.82) (8.77908,662.285)
(2370,2021) (2313,2071)(2385,1607) (2389,1518)(311.265,1085.82) (357.465,769.437)
(2370,2021) (2313,2071)(2336,1475) (2301,1391)(311.265,1085.82) (22.6677,553.308)
(2370,2021) (2313,2071)(2284,1320) (2279,1166)(311.265,1085.82) (1.94448,648.541)
(2370,2021) (2313,2071)(2236,1052) (2221,955)(311.265,1085.82) (8.87213,623.191)
(2370,2021) (2313,2071)(2216,931) (2200,754)(311.265,1085.82) (5.19443,608.007)
(2370,2021) (2313,2071)(2184,699) (2196,616)(311.265,1085.82) (351.818,471.197)
(2370,2021) (2313,2071)(2196,616) (2233,521)(311.265,1085.82) (338.827,304.892)
(1728,2219) (1665,2175)(1692,1229) (1673,1170)(304.986,760.775) (19.0935,55.579)
(1728,2219) (1665,2175)(1673,1170) (1692,1229)(304.986,760.775) (19.0935,55.579)
(1728,2219) (1665,2175)(1692,1229) (1692,1322)(304.986,760.775) (0,60)
(1728,2219) (1665,2175)(2183,418) (2104,425)(304.986,760.775) (84.9086,754.222)
(1728,2219) (1665,2175)(2051,440) (1996,464)(304.986,760.775) (66.4063,550.99)
(1728,2219) (1665,2175)(1996,464) (1931,502)(304.986,760.775) (59.6389,472.396)
(1728,2219) (1665,2175)(1931,502) (1825,599)(304.986,760.775) (47.5638,330.789)
(1728,2219) (1665,2175)(1825,599) (1753,697)(304.986,760.775) (36.4972,214.513)
(1728,2219) (1665,2175)(1753,697) (1665,853)(304.986,760.775) (29.5604,153.538)
(1728,2219) (1665,2175)(1665,853) (1631,926)(304.986,760.775) (25.1531,126.724)
(1728,2219) (1665,2175)(1608,1000) (1578,1071)(304.986,760.775) (23.0615,109.292)
(1728,2219) (1665,2175)(1537,1182) (1582,1058)(304.986,760.775) (20.1707,103.629)
(1728,2219) (1665,2175)(1582,1058) (1608,1001)(304.986,760.775) (24.5672,114.382)
(1728,2219) (1665,2175)(1607,991) (1630,929)(304.986,760.775) (20.6841,104.478)
(1728,2219) (1665,2175)(1630,929) (1667,849)(304.986,760.775) (24.7435,125.65)
(1728,2219) (1665,2175)(1667,849) (1752,699)(304.986,760.775) (29.6992,154.429)
(1728,2219) (1665,2175)(1752,699) (1833,591)(304.986,760.775) (36.8699,219)
(1728,2219) (1665,2175)(1833,591) (1933,501)(304.986,760.775) (48.0128,336.043)
(1728,2219) (1665,2175)(1933,501) (1998,463)(304.986,760.775) (59.6389,472.25)
(1728,2219) (1665,2175)(1998,463) (2054,439)(304.986,760.775) (66.8014,555.295)
(1728,2219) (1665,2175)(2054,439) (2116,423)(304.986,760.775) (75.4969,654.649)
(1728,2219) (1665,2175)(2116,423) (2184,418)(304.986,760.775) (85.7968,763.351)
(1728,2219) (1665,2175)(2221,956) (2229,1035)(304.986,760.775) (5.81304,613.004)
(1728,2219) (1665,2175)(1582,2171) (1500,2177)(304.986,760.775) (274.146,940.826)
(1728,2219) (1665,2175)(1306,1945) (1361,1901)(304.986,760.775) (308.66,359.356)
(1728,2219) (1665,2175)(1370,1628) (1353,1701)(304.986,760.775) (13.3602,163.542)
(1728,2219) (1665,2175)(1359,1902) (1307,1943)(304.986,760.775) (308.166,363.383)
(1728,2219) (1665,2175)(1307,1943) (1289,2017)(304.986,760.775) (13.8462,145.855)
(1728,2219) (1665,2175)(1459,2169) (1629,2153)(304.986,760.775) (275.34,924.631)
(1728,2219) (1665,2175)(1629,2153) (1718,2143)(304.986,760.775) (276.409,922.856)
(1728,2219) (1665,2175)(2325,2010) (2322,1942)(304.986,760.775) (2.5274,657.684)
(1728,2219) (1665,2175)(2377,1711) (2365,1633)(304.986,760.775) (8.77908,662.285)
(1728,2219) (1665,2175)(2336,1475) (2301,1391)(304.986,760.775) (22.6677,553.308)
(1728,2219) (1665,2175)(2284,1320) (2279,1166)(304.986,760.775) (1.94448,648.541)
(1728,2219) (1665,2175)(2236,1052) (2221,955)(304.986,760.775) (8.87213,623.191)
(1728,2219) (1665,2175)(2216,931) (2200,754)(304.986,760.775) (5.19443,608.007)
(1728,2219) (1665,2175)(2196,616) (2233,521)(304.986,760.775) (338.827,304.892)
(1582,2171) (1500,2177)(1692,1229) (1673,1170)(274.146,940.826) (19.0935,55.579)
(1582,2171) (1500,2177)(1673,1170) (1692,1229)(274.146,940.826) (19.0935,55.579)
(1582,2171) (1500,2177)(1692,1229) (1692,1322)(274.146,940.826) (0,60)
(1582,2171) (1500,2177)(2051,440) (1996,464)(274.146,940.826) (66.4063,550.99)
(1582,2171) (1500,2177)(1996,464) (1931,502)(274.146,940.826) (59.6389,472.396)
(1582,2171) (1500,2177)(1931,502) (1825,599)(274.146,940.826) (47.5638,330.789)
(1582,2171) (1500,2177)(1825,599) (1753,697)(274.146,940.826) (36.4972,214.513)
(1582,2171) (1500,2177)(1753,697) (1665,853)(274.146,940.826) (29.5604,153.538)
(1582,2171) (1500,2177)(1665,853) (1631,926)(274.146,940.826) (25.1531,126.724)
(1582,2171) (1500,2177)(1608,1000) (1578,1071)(274.146,940.826) (23.0615,109.292)
(1582,2171) (1500,2177)(1537,1182) (1582,1058)(274.146,940.826) (20.1707,103.629)
(1582,2171) (1500,2177)(1582,1058) (1608,1001)(274.146,940.826) (24.5672,114.382)
(1582,2171) (1500,2177)(1607,991) (1630,929)(274.146,940.826) (20.6841,104.478)
(1582,2171) (1500,2177)(1630,929) (1667,849)(274.146,940.826) (24.7435,125.65)
(1582,2171) (1500,2177)(1667,849) (1752,699)(274.146,940.826) (29.6992,154.429)
(1582,2171) (1500,2177)(1752,699) (1833,591)(274.146,940.826) (36.8699,219)
(1582,2171) (1500,2177)(1833,591) (1933,501)(274.146,940.826) (48.0128,336.043)
(1582,2171) (1500,2177)(1933,501) (1998,463)(274.146,940.826) (59.6389,472.25)
(1582,2171) (1500,2177)(1998,463) (2054,439)(274.146,940.826) (66.8014,555.295)
(1582,2171) (1500,2177)(2221,956) (2229,1035)(274.146,940.826) (5.81304,613.004)
(1582,2171) (1500,2177)(1728,2219) (1665,2175)(274.146,940.826) (304.986,760.775)
(1582,2171) (1500,2177)(1306,1945) (1361,1901)(274.146,940.826) (308.66,359.356)
(1582,2171) (1500,2177)(1370,1628) (1353,1701)(274.146,940.826) (13.3602,163.542)
(1582,2171) (1500,2177)(1359,1902) (1307,1943)(274.146,940.826) (308.166,363.383)
(1582,2171) (1500,2177)(1307,1943) (1289,2017)(274.146,940.826) (13.8462,145.855)
(1582,2171) (1500,2177)(2325,2010) (2322,1942)(274.146,940.826) (2.5274,657.684)
(1582,2171) (1500,2177)(2377,1711) (2365,1633)(274.146,940.826) (8.77908,662.285)
(1582,2171) (1500,2177)(2336,1475) (2301,1391)(274.146,940.826) (22.6677,553.308)
(1582,2171) (1500,2177)(2284,1320) (2279,1166)(274.146,940.826) (1.94448,648.541)
(1582,2171) (1500,2177)(2236,1052) (2221,955)(274.146,940.826) (8.87213,623.191)
(1582,2171) (1500,2177)(2216,931) (2200,754)(274.146,940.826) (5.19443,608.007)
(1306,1945) (1361,1901)(1692,1229) (1673,1170)(308.66,359.356) (19.0935,55.579)
(1306,1945) (1361,1901)(1673,1170) (1692,1229)(308.66,359.356) (19.0935,55.579)
(1306,1945) (1361,1901)(1692,1229) (1692,1322)(308.66,359.356) (0,60)
(1306,1945) (1361,1901)(2183,418) (2104,425)(308.66,359.356) (84.9086,754.222)
(1306,1945) (1361,1901)(2051,440) (1996,464)(308.66,359.356) (66.4063,550.99)
(1306,1945) (1361,1901)(1825,599) (1753,697)(308.66,359.356) (36.4972,214.513)
(1306,1945) (1361,1901)(1753,697) (1665,853)(308.66,359.356) (29.5604,153.538)
(1306,1945) (1361,1901)(1665,853) (1631,926)(308.66,359.356) (25.1531,126.724)
(1306,1945) (1361,1901)(1608,1000) (1578,1071)(308.66,359.356) (23.0615,109.292)
(1306,1945) (1361,1901)(1537,1182) (1582,1058)(308.66,359.356) (20.1707,103.629)
(1306,1945) (1361,1901)(1582,1058) (1608,1001)(308.66,359.356) (24.5672,114.382)
(1306,1945) (1361,1901)(1607,991) (1630,929)(308.66,359.356) (20.6841,104.478)
(1306,1945) (1361,1901)(1630,929) (1667,849)(308.66,359.356) (24.7435,125.65)
(1306,1945) (1361,1901)(1667,849) (1752,699)(308.66,359.356) (29.6992,154.429)
(1306,1945) (1361,1901)(1998,463) (2054,439)(308.66,359.356) (66.8014,555.295)
(1306,1945) (1361,1901)(2054,439) (2116,423)(308.66,359.356) (75.4969,654.649)
(1306,1945) (1361,1901)(2116,423) (2184,418)(308.66,359.356) (85.7968,763.351)
(1306,1945) (1361,1901)(2221,956) (2229,1035)(308.66,359.356) (5.81304,613.004)
(1306,1945) (1361,1901)(1728,2219) (1665,2175)(308.66,359.356) (304.986,760.775)
(1306,1945) (1361,1901)(1355,1840) (1345,1740)(308.66,359.356) (354.391,336.92)
(1306,1945) (1361,1901)(1370,1628) (1353,1701)(308.66,359.356) (13.3602,163.542)
(1306,1945) (1361,1901)(1353,1701) (1365,1860)(308.66,359.356) (355.811,314.107)
(1306,1945) (1361,1901)(1307,1943) (1289,2017)(308.66,359.356) (13.8462,145.855)
(1306,1945) (1361,1901)(2325,2010) (2322,1942)(308.66,359.356) (2.5274,657.684)
(1306,1945) (1361,1901)(2377,1711) (2365,1633)(308.66,359.356) (8.77908,662.285)
(1306,1945) (1361,1901)(2336,1475) (2301,1391)(308.66,359.356) (22.6677,553.308)
(1306,1945) (1361,1901)(2284,1320) (2279,1166)(308.66,359.356) (1.94448,648.541)
(1306,1945) (1361,1901)(2236,1052) (2221,955)(308.66,359.356) (8.87213,623.191)
(1306,1945) (1361,1901)(2216,931) (2200,754)(308.66,359.356) (5.19443,608.007)
(1355,1840) (1345,1740)(2183,418) (2104,425)(354.391,336.92) (84.9086,754.222)
(1355,1840) (1345,1740)(2051,440) (1996,464)(354.391,336.92) (66.4063,550.99)
(1355,1840) (1345,1740)(1996,464) (1931,502)(354.391,336.92) (59.6389,472.396)
(1355,1840) (1345,1740)(1931,502) (1825,599)(354.391,336.92) (47.5638,330.789)
(1355,1840) (1345,1740)(1825,599) (1753,697)(354.391,336.92) (36.4972,214.513)
(1355,1840) (1345,1740)(1753,697) (1665,853)(354.391,336.92) (29.5604,153.538)
(1355,1840) (1345,1740)(1665,853) (1631,926)(354.391,336.92) (25.1531,126.724)
(1355,1840) (1345,1740)(1608,1000) (1578,1071)(354.391,336.92) (23.0615,109.292)
(1355,1840) (1345,1740)(1537,1182) (1582,1058)(354.391,336.92) (20.1707,103.629)
(1355,1840) (1345,1740)(1582,1058) (1608,1001)(354.391,336.92) (24.5672,114.382)
(1355,1840) (1345,1740)(1607,991) (1630,929)(354.391,336.92) (20.6841,104.478)
(1355,1840) (1345,1740)(1630,929) (1667,849)(354.391,336.92) (24.7435,125.65)
(1355,1840) (1345,1740)(1667,849) (1752,699)(354.391,336.92) (29.6992,154.429)
(1355,1840) (1345,1740)(1752,699) (1833,591)(354.391,336.92) (36.8699,219)
(1355,1840) (1345,1740)(1833,591) (1933,501)(354.391,336.92) (48.0128,336.043)
(1355,1840) (1345,1740)(1933,501) (1998,463)(354.391,336.92) (59.6389,472.25)
(1355,1840) (1345,1740)(1998,463) (2054,439)(354.391,336.92) (66.8014,555.295)
(1355,1840) (1345,1740)(2054,439) (2116,423)(354.391,336.92) (75.4969,654.649)
(1355,1840) (1345,1740)(2116,423) (2184,418)(354.391,336.92) (85.7968,763.351)
(1355,1840) (1345,1740)(1370,1628) (1353,1701)(354.391,336.92) (13.3602,163.542)
(1355,1840) (1345,1740)(1307,1943) (1289,2017)(354.391,336.92) (13.8462,145.855)
(1355,1840) (1345,1740)(2336,1475) (2301,1391)(354.391,336.92) (22.6677,553.308)
(1370,1628) (1353,1701)(1692,1229) (1673,1170)(13.3602,163.542) (19.0935,55.579)
(1370,1628) (1353,1701)(1673,1170) (1692,1229)(13.3602,163.542) (19.0935,55.579)
(1370,1628) (1353,1701)(2183,418) (2104,425)(13.3602,163.542) (84.9086,754.222)
(1370,1628) (1353,1701)(2051,440) (1996,464)(13.3602,163.542) (66.4063,550.99)
(1370,1628) (1353,1701)(1996,464) (1931,502)(13.3602,163.542) (59.6389,472.396)
(1370,1628) (1353,1701)(1931,502) (1825,599)(13.3602,163.542) (47.5638,330.789)
(1370,1628) (1353,1701)(1825,599) (1753,697)(13.3602,163.542) (36.4972,214.513)
(1370,1628) (1353,1701)(1753,697) (1665,853)(13.3602,163.542) (29.5604,153.538)
(1370,1628) (1353,1701)(1667,849) (1752,699)(13.3602,163.542) (29.6992,154.429)
(1370,1628) (1353,1701)(1752,699) (1833,591)(13.3602,163.542) (36.8699,219)
(1370,1628) (1353,1701)(1833,591) (1933,501)(13.3602,163.542) (48.0128,336.043)
(1370,1628) (1353,1701)(1933,501) (1998,463)(13.3602,163.542) (59.6389,472.25)
(1370,1628) (1353,1701)(1998,463) (2054,439)(13.3602,163.542) (66.8014,555.295)
(1370,1628) (1353,1701)(2054,439) (2116,423)(13.3602,163.542) (75.4969,654.649)
(1370,1628) (1353,1701)(2116,423) (2184,418)(13.3602,163.542) (85.7968,763.351)
(1370,1628) (1353,1701)(2221,956) (2229,1035)(13.3602,163.542) (5.81304,613.004)
(1370,1628) (1353,1701)(1353,1701) (1365,1860)(13.3602,163.542) (355.811,314.107)
(1370,1628) (1353,1701)(2325,2010) (2322,1942)(13.3602,163.542) (2.5274,657.684)
(1370,1628) (1353,1701)(2377,1711) (2365,1633)(13.3602,163.542) (8.77908,662.285)
(1370,1628) (1353,1701)(2336,1475) (2301,1391)(13.3602,163.542) (22.6677,553.308)
(1370,1628) (1353,1701)(2236,1052) (2221,955)(13.3602,163.542) (8.87213,623.191)
(1370,1628) (1353,1701)(2216,931) (2200,754)(13.3602,163.542) (5.19443,608.007)
(1353,1701) (1365,1860)(2183,418) (2104,425)(355.811,314.107) (84.9086,754.222)
(1353,1701) (1365,1860)(2051,440) (1996,464)(355.811,314.107) (66.4063,550.99)
(1353,1701) (1365,1860)(1996,464) (1931,502)(355.811,314.107) (59.6389,472.396)
(1353,1701) (1365,1860)(1931,502) (1825,599)(355.811,314.107) (47.5638,330.789)
(1353,1701) (1365,1860)(1825,599) (1753,697)(355.811,314.107) (36.4972,214.513)
(1353,1701) (1365,1860)(1753,697) (1665,853)(355.811,314.107) (29.5604,153.538)
(1353,1701) (1365,1860)(1665,853) (1631,926)(355.811,314.107) (25.1531,126.724)
(1353,1701) (1365,1860)(1608,1000) (1578,1071)(355.811,314.107) (23.0615,109.292)
(1353,1701) (1365,1860)(1537,1182) (1582,1058)(355.811,314.107) (20.1707,103.629)
(1353,1701) (1365,1860)(1582,1058) (1608,1001)(355.811,314.107) (24.5672,114.382)
(1353,1701) (1365,1860)(1607,991) (1630,929)(355.811,314.107) (20.6841,104.478)
(1353,1701) (1365,1860)(1630,929) (1667,849)(355.811,314.107) (24.7435,125.65)
(1353,1701) (1365,1860)(1667,849) (1752,699)(355.811,314.107) (29.6992,154.429)
(1353,1701) (1365,1860)(1752,699) (1833,591)(355.811,314.107) (36.8699,219)
(1353,1701) (1365,1860)(1833,591) (1933,501)(355.811,314.107) (48.0128,336.043)
(1353,1701) (1365,1860)(1933,501) (1998,463)(355.811,314.107) (59.6389,472.25)
(1353,1701) (1365,1860)(1998,463) (2054,439)(355.811,314.107) (66.8014,555.295)
(1353,1701) (1365,1860)(2054,439) (2116,423)(355.811,314.107) (75.4969,654.649)
(1353,1701) (1365,1860)(2116,423) (2184,418)(355.811,314.107) (85.7968,763.351)
(1353,1701) (1365,1860)(1370,1628) (1353,1701)(355.811,314.107) (13.3602,163.542)
(1353,1701) (1365,1860)(1307,1943) (1289,2017)(355.811,314.107) (13.8462,145.855)
(1353,1701) (1365,1860)(2336,1475) (2301,1391)(355.811,314.107) (22.6677,553.308)
(1359,1902) (1307,1943)(1692,1229) (1673,1170)(308.166,363.383) (19.0935,55.579)
(1359,1902) (1307,1943)(1673,1170) (1692,1229)(308.166,363.383) (19.0935,55.579)
(1359,1902) (1307,1943)(1692,1229) (1692,1322)(308.166,363.383) (0,60)
(1359,1902) (1307,1943)(2183,418) (2104,425)(308.166,363.383) (84.9086,754.222)
(1359,1902) (1307,1943)(1825,599) (1753,697)(308.166,363.383) (36.4972,214.513)
(1359,1902) (1307,1943)(1753,697) (1665,853)(308.166,363.383) (29.5604,153.538)
(1359,1902) (1307,1943)(1665,853) (1631,926)(308.166,363.383) (25.1531,126.724)
(1359,1902) (1307,1943)(1608,1000) (1578,1071)(308.166,363.383) (23.0615,109.292)
(1359,1902) (1307,1943)(1537,1182) (1582,1058)(308.166,363.383) (20.1707,103.629)
(1359,1902) (1307,1943)(1582,1058) (1608,1001)(308.166,363.383) (24.5672,114.382)
(1359,1902) (1307,1943)(1607,991) (1630,929)(308.166,363.383) (20.6841,104.478)
(1359,1902) (1307,1943)(1630,929) (1667,849)(308.166,363.383) (24.7435,125.65)
(1359,1902) (1307,1943)(1667,849) (1752,699)(308.166,363.383) (29.6992,154.429)
(1359,1902) (1307,1943)(1998,463) (2054,439)(308.166,363.383) (66.8014,555.295)
(1359,1902) (1307,1943)(2054,439) (2116,423)(308.166,363.383) (75.4969,654.649)
(1359,1902) (1307,1943)(2116,423) (2184,418)(308.166,363.383) (85.7968,763.351)
(1359,1902) (1307,1943)(2221,956) (2229,1035)(308.166,363.383) (5.81304,613.004)
(1359,1902) (1307,1943)(1728,2219) (1665,2175)(308.166,363.383) (304.986,760.775)
(1359,1902) (1307,1943)(1355,1840) (1345,1740)(308.166,363.383) (354.391,336.92)
(1359,1902) (1307,1943)(1370,1628) (1353,1701)(308.166,363.383) (13.3602,163.542)
(1359,1902) (1307,1943)(1353,1701) (1365,1860)(308.166,363.383) (355.811,314.107)
(1359,1902) (1307,1943)(1307,1943) (1289,2017)(308.166,363.383) (13.8462,145.855)
(1359,1902) (1307,1943)(2325,2010) (2322,1942)(308.166,363.383) (2.5274,657.684)
(1359,1902) (1307,1943)(2377,1711) (2365,1633)(308.166,363.383) (8.77908,662.285)
(1359,1902) (1307,1943)(2336,1475) (2301,1391)(308.166,363.383) (22.6677,553.308)
(1359,1902) (1307,1943)(2284,1320) (2279,1166)(308.166,363.383) (1.94448,648.541)
(1359,1902) (1307,1943)(2236,1052) (2221,955)(308.166,363.383) (8.87213,623.191)
(1359,1902) (1307,1943)(2216,931) (2200,754)(308.166,363.383) (5.19443,608.007)
(1307,1943) (1289,2017)(1692,1229) (1673,1170)(13.8462,145.855) (19.0935,55.579)
(1307,1943) (1289,2017)(1673,1170) (1692,1229)(13.8462,145.855) (19.0935,55.579)
(1307,1943) (1289,2017)(2183,418) (2104,425)(13.8462,145.855) (84.9086,754.222)
(1307,1943) (1289,2017)(2051,440) (1996,464)(13.8462,145.855) (66.4063,550.99)
(1307,1943) (1289,2017)(1996,464) (1931,502)(13.8462,145.855) (59.6389,472.396)
(1307,1943) (1289,2017)(1931,502) (1825,599)(13.8462,145.855) (47.5638,330.789)
(1307,1943) (1289,2017)(1825,599) (1753,697)(13.8462,145.855) (36.4972,214.513)
(1307,1943) (1289,2017)(1753,697) (1665,853)(13.8462,145.855) (29.5604,153.538)
(1307,1943) (1289,2017)(1667,849) (1752,699)(13.8462,145.855) (29.6992,154.429)
(1307,1943) (1289,2017)(1752,699) (1833,591)(13.8462,145.855) (36.8699,219)
(1307,1943) (1289,2017)(1833,591) (1933,501)(13.8462,145.855) (48.0128,336.043)
(1307,1943) (1289,2017)(1933,501) (1998,463)(13.8462,145.855) (59.6389,472.25)
(1307,1943) (1289,2017)(1998,463) (2054,439)(13.8462,145.855) (66.8014,555.295)
(1307,1943) (1289,2017)(2054,439) (2116,423)(13.8462,145.855) (75.4969,654.649)
(1307,1943) (1289,2017)(2116,423) (2184,418)(13.8462,145.855) (85.7968,763.351)
(1307,1943) (1289,2017)(2221,956) (2229,1035)(13.8462,145.855) (5.81304,613.004)
(1307,1943) (1289,2017)(1728,2219) (1665,2175)(13.8462,145.855) (304.986,760.775)
(1307,1943) (1289,2017)(1306,1945) (1361,1901)(13.8462,145.855) (308.66,359.356)
(1307,1943) (1289,2017)(1355,1840) (1345,1740)(13.8462,145.855) (354.391,336.92)
(1307,1943) (1289,2017)(1353,1701) (1365,1860)(13.8462,145.855) (355.811,314.107)
(1307,1943) (1289,2017)(1359,1902) (1307,1943)(13.8462,145.855) (308.166,363.383)
(1307,1943) (1289,2017)(1289,2017) (1326,2121)(13.8462,145.855) (340.457,588.962)
(1307,1943) (1289,2017)(2325,2010) (2322,1942)(13.8462,145.855) (2.5274,657.684)
(1307,1943) (1289,2017)(2377,1711) (2365,1633)(13.8462,145.855) (8.77908,662.285)
(1307,1943) (1289,2017)(2336,1475) (2301,1391)(13.8462,145.855) (22.6677,553.308)
(1307,1943) (1289,2017)(2284,1320) (2279,1166)(13.8462,145.855) (1.94448,648.541)
(1307,1943) (1289,2017)(2236,1052) (2221,955)(13.8462,145.855) (8.87213,623.191)
(1307,1943) (1289,2017)(2216,931) (2200,754)(13.8462,145.855) (5.19443,608.007)
(1289,2017) (1326,2121)(1692,1229) (1692,1322)(340.457,588.962) (0,60)
(1289,2017) (1326,2121)(2183,418) (2104,425)(340.457,588.962) (84.9086,754.222)
(1289,2017) (1326,2121)(2051,440) (1996,464)(340.457,588.962) (66.4063,550.99)
(1289,2017) (1326,2121)(1996,464) (1931,502)(340.457,588.962) (59.6389,472.396)
(1289,2017) (1326,2121)(1931,502) (1825,599)(340.457,588.962) (47.5638,330.789)
(1289,2017) (1326,2121)(1825,599) (1753,697)(340.457,588.962) (36.4972,214.513)
(1289,2017) (1326,2121)(1753,697) (1665,853)(340.457,588.962) (29.5604,153.538)
(1289,2017) (1326,2121)(1665,853) (1631,926)(340.457,588.962) (25.1531,126.724)
(1289,2017) (1326,2121)(1608,1000) (1578,1071)(340.457,588.962) (23.0615,109.292)
(1289,2017) (1326,2121)(1537,1182) (1582,1058)(340.457,588.962) (20.1707,103.629)
(1289,2017) (1326,2121)(1582,1058) (1608,1001)(340.457,588.962) (24.5672,114.382)
(1289,2017) (1326,2121)(1607,991) (1630,929)(340.457,588.962) (20.6841,104.478)
(1289,2017) (1326,2121)(1630,929) (1667,849)(340.457,588.962) (24.7435,125.65)
(1289,2017) (1326,2121)(1667,849) (1752,699)(340.457,588.962) (29.6992,154.429)
(1289,2017) (1326,2121)(1752,699) (1833,591)(340.457,588.962) (36.8699,219)
(1289,2017) (1326,2121)(1833,591) (1933,501)(340.457,588.962) (48.0128,336.043)
(1289,2017) (1326,2121)(1933,501) (1998,463)(340.457,588.962) (59.6389,472.25)
(1289,2017) (1326,2121)(1998,463) (2054,439)(340.457,588.962) (66.8014,555.295)
(1289,2017) (1326,2121)(2054,439) (2116,423)(340.457,588.962) (75.4969,654.649)
(1289,2017) (1326,2121)(2116,423) (2184,418)(340.457,588.962) (85.7968,763.351)
(1289,2017) (1326,2121)(1728,2219) (1665,2175)(340.457,588.962) (304.986,760.775)
(1289,2017) (1326,2121)(1306,1945) (1361,1901)(340.457,588.962) (308.66,359.356)
(1289,2017) (1326,2121)(1370,1628) (1353,1701)(340.457,588.962) (13.3602,163.542)
(1289,2017) (1326,2121)(1353,1701) (1365,1860)(340.457,588.962) (355.811,314.107)
(1289,2017) (1326,2121)(1359,1902) (1307,1943)(340.457,588.962) (308.166,363.383)
(1289,2017) (1326,2121)(1307,1943) (1289,2017)(340.457,588.962) (13.8462,145.855)
(1289,2017) (1326,2121)(2325,2010) (2322,1942)(340.457,588.962) (2.5274,657.684)
(1289,2017) (1326,2121)(2284,1320) (2279,1166)(340.457,588.962) (1.94448,648.541)
(1459,2169) (1629,2153)(1692,1229) (1673,1170)(275.34,924.631) (19.0935,55.579)
(1459,2169) (1629,2153)(1673,1170) (1692,1229)(275.34,924.631) (19.0935,55.579)
(1459,2169) (1629,2153)(1692,1229) (1692,1322)(275.34,924.631) (0,60)
(1459,2169) (1629,2153)(2051,440) (1996,464)(275.34,924.631) (66.4063,550.99)
(1459,2169) (1629,2153)(1996,464) (1931,502)(275.34,924.631) (59.6389,472.396)
(1459,2169) (1629,2153)(1931,502) (1825,599)(275.34,924.631) (47.5638,330.789)
(1459,2169) (1629,2153)(1825,599) (1753,697)(275.34,924.631) (36.4972,214.513)
(1459,2169) (1629,2153)(1753,697) (1665,853)(275.34,924.631) (29.5604,153.538)
(1459,2169) (1629,2153)(1665,853) (1631,926)(275.34,924.631) (25.1531,126.724)
(1459,2169) (1629,2153)(1608,1000) (1578,1071)(275.34,924.631) (23.0615,109.292)
(1459,2169) (1629,2153)(1537,1182) (1582,1058)(275.34,924.631) (20.1707,103.629)
(1459,2169) (1629,2153)(1582,1058) (1608,1001)(275.34,924.631) (24.5672,114.382)
(1459,2169) (1629,2153)(1607,991) (1630,929)(275.34,924.631) (20.6841,104.478)
(1459,2169) (1629,2153)(1630,929) (1667,849)(275.34,924.631) (24.7435,125.65)
(1459,2169) (1629,2153)(1667,849) (1752,699)(275.34,924.631) (29.6992,154.429)
(1459,2169) (1629,2153)(1752,699) (1833,591)(275.34,924.631) (36.8699,219)
(1459,2169) (1629,2153)(1833,591) (1933,501)(275.34,924.631) (48.0128,336.043)
(1459,2169) (1629,2153)(1933,501) (1998,463)(275.34,924.631) (59.6389,472.25)
(1459,2169) (1629,2153)(1998,463) (2054,439)(275.34,924.631) (66.8014,555.295)
(1459,2169) (1629,2153)(2221,956) (2229,1035)(275.34,924.631) (5.81304,613.004)
(1459,2169) (1629,2153)(1728,2219) (1665,2175)(275.34,924.631) (304.986,760.775)
(1459,2169) (1629,2153)(1306,1945) (1361,1901)(275.34,924.631) (308.66,359.356)
(1459,2169) (1629,2153)(1370,1628) (1353,1701)(275.34,924.631) (13.3602,163.542)
(1459,2169) (1629,2153)(1359,1902) (1307,1943)(275.34,924.631) (308.166,363.383)
(1459,2169) (1629,2153)(1307,1943) (1289,2017)(275.34,924.631) (13.8462,145.855)
(1459,2169) (1629,2153)(2325,2010) (2322,1942)(275.34,924.631) (2.5274,657.684)
(1459,2169) (1629,2153)(2377,1711) (2365,1633)(275.34,924.631) (8.77908,662.285)
(1459,2169) (1629,2153)(2336,1475) (2301,1391)(275.34,924.631) (22.6677,553.308)
(1459,2169) (1629,2153)(2284,1320) (2279,1166)(275.34,924.631) (1.94448,648.541)
(1459,2169) (1629,2153)(2236,1052) (2221,955)(275.34,924.631) (8.87213,623.191)
(1459,2169) (1629,2153)(2216,931) (2200,754)(275.34,924.631) (5.19443,608.007)
(1459,2169) (1629,2153)(2196,616) (2233,521)(275.34,924.631) (338.827,304.892)
(1629,2153) (1718,2143)(1692,1229) (1673,1170)(276.409,922.856) (19.0935,55.579)
(1629,2153) (1718,2143)(1673,1170) (1692,1229)(276.409,922.856) (19.0935,55.579)
(1629,2153) (1718,2143)(1692,1229) (1692,1322)(276.409,922.856) (0,60)
(1629,2153) (1718,2143)(2051,440) (1996,464)(276.409,922.856) (66.4063,550.99)
(1629,2153) (1718,2143)(1996,464) (1931,502)(276.409,922.856) (59.6389,472.396)
(1629,2153) (1718,2143)(1931,502) (1825,599)(276.409,922.856) (47.5638,330.789)
(1629,2153) (1718,2143)(1825,599) (1753,697)(276.409,922.856) (36.4972,214.513)
(1629,2153) (1718,2143)(1753,697) (1665,853)(276.409,922.856) (29.5604,153.538)
(1629,2153) (1718,2143)(1665,853) (1631,926)(276.409,922.856) (25.1531,126.724)
(1629,2153) (1718,2143)(1608,1000) (1578,1071)(276.409,922.856) (23.0615,109.292)
(1629,2153) (1718,2143)(1537,1182) (1582,1058)(276.409,922.856) (20.1707,103.629)
(1629,2153) (1718,2143)(1582,1058) (1608,1001)(276.409,922.856) (24.5672,114.382)
(1629,2153) (1718,2143)(1607,991) (1630,929)(276.409,922.856) (20.6841,104.478)
(1629,2153) (1718,2143)(1630,929) (1667,849)(276.409,922.856) (24.7435,125.65)
(1629,2153) (1718,2143)(1667,849) (1752,699)(276.409,922.856) (29.6992,154.429)
(1629,2153) (1718,2143)(1752,699) (1833,591)(276.409,922.856) (36.8699,219)
(1629,2153) (1718,2143)(1833,591) (1933,501)(276.409,922.856) (48.0128,336.043)
(1629,2153) (1718,2143)(1933,501) (1998,463)(276.409,922.856) (59.6389,472.25)
(1629,2153) (1718,2143)(1998,463) (2054,439)(276.409,922.856) (66.8014,555.295)
(1629,2153) (1718,2143)(2221,956) (2229,1035)(276.409,922.856) (5.81304,613.004)
(1629,2153) (1718,2143)(1728,2219) (1665,2175)(276.409,922.856) (304.986,760.775)
(1629,2153) (1718,2143)(1306,1945) (1361,1901)(276.409,922.856) (308.66,359.356)
(1629,2153) (1718,2143)(1370,1628) (1353,1701)(276.409,922.856) (13.3602,163.542)
(1629,2153) (1718,2143)(1359,1902) (1307,1943)(276.409,922.856) (308.166,363.383)
(1629,2153) (1718,2143)(1307,1943) (1289,2017)(276.409,922.856) (13.8462,145.855)
(1629,2153) (1718,2143)(2325,2010) (2322,1942)(276.409,922.856) (2.5274,657.684)
(1629,2153) (1718,2143)(2377,1711) (2365,1633)(276.409,922.856) (8.77908,662.285)
(1629,2153) (1718,2143)(2336,1475) (2301,1391)(276.409,922.856) (22.6677,553.308)
(1629,2153) (1718,2143)(2284,1320) (2279,1166)(276.409,922.856) (1.94448,648.541)
(1629,2153) (1718,2143)(2236,1052) (2221,955)(276.409,922.856) (8.87213,623.191)
(1629,2153) (1718,2143)(2216,931) (2200,754)(276.409,922.856) (5.19443,608.007)
(1629,2153) (1718,2143)(2196,616) (2233,521)(276.409,922.856) (338.827,304.892)
(2315,2070) (2369,2023)(2183,418) (2104,425)(311.042,1086.55) (84.9086,754.222)
(2315,2070) (2369,2023)(2051,440) (1996,464)(311.042,1086.55) (66.4063,550.99)
(2315,2070) (2369,2023)(1753,697) (1665,853)(311.042,1086.55) (29.5604,153.538)
(2315,2070) (2369,2023)(1665,853) (1631,926)(311.042,1086.55) (25.1531,126.724)
(2315,2070) (2369,2023)(1608,1000) (1578,1071)(311.042,1086.55) (23.0615,109.292)
(2315,2070) (2369,2023)(1537,1182) (1582,1058)(311.042,1086.55) (20.1707,103.629)
(2315,2070) (2369,2023)(1582,1058) (1608,1001)(311.042,1086.55) (24.5672,114.382)
(2315,2070) (2369,2023)(1607,991) (1630,929)(311.042,1086.55) (20.6841,104.478)
(2315,2070) (2369,2023)(1630,929) (1667,849)(311.042,1086.55) (24.7435,125.65)
(2315,2070) (2369,2023)(1667,849) (1752,699)(311.042,1086.55) (29.6992,154.429)
(2315,2070) (2369,2023)(1998,463) (2054,439)(311.042,1086.55) (66.8014,555.295)
(2315,2070) (2369,2023)(2054,439) (2116,423)(311.042,1086.55) (75.4969,654.649)
(2315,2070) (2369,2023)(2116,423) (2184,418)(311.042,1086.55) (85.7968,763.351)
(2315,2070) (2369,2023)(2221,956) (2229,1035)(311.042,1086.55) (5.81304,613.004)
(2315,2070) (2369,2023)(1370,1628) (1353,1701)(311.042,1086.55) (13.3602,163.542)
(2315,2070) (2369,2023)(1307,1943) (1289,2017)(311.042,1086.55) (13.8462,145.855)
(2315,2070) (2369,2023)(2325,2010) (2322,1942)(311.042,1086.55) (2.5274,657.684)
(2315,2070) (2369,2023)(2377,1711) (2365,1633)(311.042,1086.55) (8.77908,662.285)
(2315,2070) (2369,2023)(2385,1607) (2389,1518)(311.042,1086.55) (357.465,769.437)
(2315,2070) (2369,2023)(2336,1475) (2301,1391)(311.042,1086.55) (22.6677,553.308)
(2315,2070) (2369,2023)(2236,1052) (2221,955)(311.042,1086.55) (8.87213,623.191)
(2315,2070) (2369,2023)(2216,931) (2200,754)(311.042,1086.55) (5.19443,608.007)
(2315,2070) (2369,2023)(2184,699) (2196,616)(311.042,1086.55) (351.818,471.197)
(2315,2070) (2369,2023)(2196,616) (2233,521)(311.042,1086.55) (338.827,304.892)
(2325,2010) (2322,1942)(2183,418) (2104,425)(2.5274,657.684) (84.9086,754.222)
(2325,2010) (2322,1942)(2051,440) (1996,464)(2.5274,657.684) (66.4063,550.99)
(2325,2010) (2322,1942)(1996,464) (1931,502)(2.5274,657.684) (59.6389,472.396)
(2325,2010) (2322,1942)(1931,502) (1825,599)(2.5274,657.684) (47.5638,330.789)
(2325,2010) (2322,1942)(1825,599) (1753,697)(2.5274,657.684) (36.4972,214.513)
(2325,2010) (2322,1942)(1753,697) (1665,853)(2.5274,657.684) (29.5604,153.538)
(2325,2010) (2322,1942)(1665,853) (1631,926)(2.5274,657.684) (25.1531,126.724)
(2325,2010) (2322,1942)(1608,1000) (1578,1071)(2.5274,657.684) (23.0615,109.292)
(2325,2010) (2322,1942)(1537,1182) (1582,1058)(2.5274,657.684) (20.1707,103.629)
(2325,2010) (2322,1942)(1582,1058) (1608,1001)(2.5274,657.684) (24.5672,114.382)
(2325,2010) (2322,1942)(1607,991) (1630,929)(2.5274,657.684) (20.6841,104.478)
(2325,2010) (2322,1942)(1630,929) (1667,849)(2.5274,657.684) (24.7435,125.65)
(2325,2010) (2322,1942)(1667,849) (1752,699)(2.5274,657.684) (29.6992,154.429)
(2325,2010) (2322,1942)(1752,699) (1833,591)(2.5274,657.684) (36.8699,219)
(2325,2010) (2322,1942)(1833,591) (1933,501)(2.5274,657.684) (48.0128,336.043)
(2325,2010) (2322,1942)(1933,501) (1998,463)(2.5274,657.684) (59.6389,472.25)
(2325,2010) (2322,1942)(1998,463) (2054,439)(2.5274,657.684) (66.8014,555.295)
(2325,2010) (2322,1942)(2054,439) (2116,423)(2.5274,657.684) (75.4969,654.649)
(2325,2010) (2322,1942)(2116,423) (2184,418)(2.5274,657.684) (85.7968,763.351)
(2325,2010) (2322,1942)(1306,1945) (1361,1901)(2.5274,657.684) (308.66,359.356)
(2325,2010) (2322,1942)(1370,1628) (1353,1701)(2.5274,657.684) (13.3602,163.542)
(2325,2010) (2322,1942)(1359,1902) (1307,1943)(2.5274,657.684) (308.166,363.383)
(2325,2010) (2322,1942)(1307,1943) (1289,2017)(2.5274,657.684) (13.8462,145.855)
(2325,2010) (2322,1942)(2336,1475) (2301,1391)(2.5274,657.684) (22.6677,553.308)
(2325,2010) (2322,1942)(2196,616) (2233,521)(2.5274,657.684) (338.827,304.892)
(2391,1885) (2392,1748)(2183,418) (2104,425)(359.625,763.804) (84.9086,754.222)
(2391,1885) (2392,1748)(2051,440) (1996,464)(359.625,763.804) (66.4063,550.99)
(2391,1885) (2392,1748)(1996,464) (1931,502)(359.625,763.804) (59.6389,472.396)
(2391,1885) (2392,1748)(1931,502) (1825,599)(359.625,763.804) (47.5638,330.789)
(2391,1885) (2392,1748)(1825,599) (1753,697)(359.625,763.804) (36.4972,214.513)
(2391,1885) (2392,1748)(1753,697) (1665,853)(359.625,763.804) (29.5604,153.538)
(2391,1885) (2392,1748)(1665,853) (1631,926)(359.625,763.804) (25.1531,126.724)
(2391,1885) (2392,1748)(1608,1000) (1578,1071)(359.625,763.804) (23.0615,109.292)
(2391,1885) (2392,1748)(1537,1182) (1582,1058)(359.625,763.804) (20.1707,103.629)
(2391,1885) (2392,1748)(1582,1058) (1608,1001)(359.625,763.804) (24.5672,114.382)
(2391,1885) (2392,1748)(1607,991) (1630,929)(359.625,763.804) (20.6841,104.478)
(2391,1885) (2392,1748)(1630,929) (1667,849)(359.625,763.804) (24.7435,125.65)
(2391,1885) (2392,1748)(1667,849) (1752,699)(359.625,763.804) (29.6992,154.429)
(2391,1885) (2392,1748)(1752,699) (1833,591)(359.625,763.804) (36.8699,219)
(2391,1885) (2392,1748)(1833,591) (1933,501)(359.625,763.804) (48.0128,336.043)
(2391,1885) (2392,1748)(1933,501) (1998,463)(359.625,763.804) (59.6389,472.25)
(2391,1885) (2392,1748)(1998,463) (2054,439)(359.625,763.804) (66.8014,555.295)
(2391,1885) (2392,1748)(2054,439) (2116,423)(359.625,763.804) (75.4969,654.649)
(2391,1885) (2392,1748)(2116,423) (2184,418)(359.625,763.804) (85.7968,763.351)
(2391,1885) (2392,1748)(1306,1945) (1361,1901)(359.625,763.804) (308.66,359.356)
(2391,1885) (2392,1748)(1359,1902) (1307,1943)(359.625,763.804) (308.166,363.383)
(2391,1885) (2392,1748)(2336,1475) (2301,1391)(359.625,763.804) (22.6677,553.308)
(2391,1885) (2392,1748)(2196,616) (2233,521)(359.625,763.804) (338.827,304.892)
(2377,1711) (2365,1633)(2183,418) (2104,425)(8.77908,662.285) (84.9086,754.222)
(2377,1711) (2365,1633)(2051,440) (1996,464)(8.77908,662.285) (66.4063,550.99)
(2377,1711) (2365,1633)(1996,464) (1931,502)(8.77908,662.285) (59.6389,472.396)
(2377,1711) (2365,1633)(1931,502) (1825,599)(8.77908,662.285) (47.5638,330.789)
(2377,1711) (2365,1633)(1825,599) (1753,697)(8.77908,662.285) (36.4972,214.513)
(2377,1711) (2365,1633)(1753,697) (1665,853)(8.77908,662.285) (29.5604,153.538)
(2377,1711) (2365,1633)(1665,853) (1631,926)(8.77908,662.285) (25.1531,126.724)
(2377,1711) (2365,1633)(1608,1000) (1578,1071)(8.77908,662.285) (23.0615,109.292)
(2377,1711) (2365,1633)(1537,1182) (1582,1058)(8.77908,662.285) (20.1707,103.629)
(2377,1711) (2365,1633)(1582,1058) (1608,1001)(8.77908,662.285) (24.5672,114.382)
(2377,1711) (2365,1633)(1607,991) (1630,929)(8.77908,662.285) (20.6841,104.478)
(2377,1711) (2365,1633)(1630,929) (1667,849)(8.77908,662.285) (24.7435,125.65)
(2377,1711) (2365,1633)(1667,849) (1752,699)(8.77908,662.285) (29.6992,154.429)
(2377,1711) (2365,1633)(1752,699) (1833,591)(8.77908,662.285) (36.8699,219)
(2377,1711) (2365,1633)(1833,591) (1933,501)(8.77908,662.285) (48.0128,336.043)
(2377,1711) (2365,1633)(1933,501) (1998,463)(8.77908,662.285) (59.6389,472.25)
(2377,1711) (2365,1633)(1998,463) (2054,439)(8.77908,662.285) (66.8014,555.295)
(2377,1711) (2365,1633)(2054,439) (2116,423)(8.77908,662.285) (75.4969,654.649)
(2377,1711) (2365,1633)(2116,423) (2184,418)(8.77908,662.285) (85.7968,763.351)
(2377,1711) (2365,1633)(1306,1945) (1361,1901)(8.77908,662.285) (308.66,359.356)
(2377,1711) (2365,1633)(1370,1628) (1353,1701)(8.77908,662.285) (13.3602,163.542)
(2377,1711) (2365,1633)(1359,1902) (1307,1943)(8.77908,662.285) (308.166,363.383)
(2377,1711) (2365,1633)(1307,1943) (1289,2017)(8.77908,662.285) (13.8462,145.855)
(2377,1711) (2365,1633)(2184,699) (2196,616)(8.77908,662.285) (351.818,471.197)
(2377,1711) (2365,1633)(2196,616) (2233,521)(8.77908,662.285) (338.827,304.892)
(2385,1607) (2389,1518)(2183,418) (2104,425)(357.465,769.437) (84.9086,754.222)
(2385,1607) (2389,1518)(2051,440) (1996,464)(357.465,769.437) (66.4063,550.99)
(2385,1607) (2389,1518)(1996,464) (1931,502)(357.465,769.437) (59.6389,472.396)
(2385,1607) (2389,1518)(1931,502) (1825,599)(357.465,769.437) (47.5638,330.789)
(2385,1607) (2389,1518)(1825,599) (1753,697)(357.465,769.437) (36.4972,214.513)
(2385,1607) (2389,1518)(1753,697) (1665,853)(357.465,769.437) (29.5604,153.538)
(2385,1607) (2389,1518)(1665,853) (1631,926)(357.465,769.437) (25.1531,126.724)
(2385,1607) (2389,1518)(1608,1000) (1578,1071)(357.465,769.437) (23.0615,109.292)
(2385,1607) (2389,1518)(1537,1182) (1582,1058)(357.465,769.437) (20.1707,103.629)
(2385,1607) (2389,1518)(1582,1058) (1608,1001)(357.465,769.437) (24.5672,114.382)
(2385,1607) (2389,1518)(1607,991) (1630,929)(357.465,769.437) (20.6841,104.478)
(2385,1607) (2389,1518)(1630,929) (1667,849)(357.465,769.437) (24.7435,125.65)
(2385,1607) (2389,1518)(1667,849) (1752,699)(357.465,769.437) (29.6992,154.429)
(2385,1607) (2389,1518)(1752,699) (1833,591)(357.465,769.437) (36.8699,219)
(2385,1607) (2389,1518)(1833,591) (1933,501)(357.465,769.437) (48.0128,336.043)
(2385,1607) (2389,1518)(1933,501) (1998,463)(357.465,769.437) (59.6389,472.25)
(2385,1607) (2389,1518)(1998,463) (2054,439)(357.465,769.437) (66.8014,555.295)
(2385,1607) (2389,1518)(2054,439) (2116,423)(357.465,769.437) (75.4969,654.649)
(2385,1607) (2389,1518)(2116,423) (2184,418)(357.465,769.437) (85.7968,763.351)
(2385,1607) (2389,1518)(1306,1945) (1361,1901)(357.465,769.437) (308.66,359.356)
(2385,1607) (2389,1518)(1359,1902) (1307,1943)(357.465,769.437) (308.166,363.383)
(2385,1607) (2389,1518)(2336,1475) (2301,1391)(357.465,769.437) (22.6677,553.308)
(2385,1607) (2389,1518)(2196,616) (2233,521)(357.465,769.437) (338.827,304.892)
(2336,1475) (2301,1391)(2183,418) (2104,425)(22.6677,553.308) (84.9086,754.222)
(2336,1475) (2301,1391)(2051,440) (1996,464)(22.6677,553.308) (66.4063,550.99)
(2336,1475) (2301,1391)(1996,464) (1931,502)(22.6677,553.308) (59.6389,472.396)
(2336,1475) (2301,1391)(1931,502) (1825,599)(22.6677,553.308) (47.5638,330.789)
(2336,1475) (2301,1391)(1825,599) (1753,697)(22.6677,553.308) (36.4972,214.513)
(2336,1475) (2301,1391)(1753,697) (1665,853)(22.6677,553.308) (29.5604,153.538)
(2336,1475) (2301,1391)(1665,853) (1631,926)(22.6677,553.308) (25.1531,126.724)
(2336,1475) (2301,1391)(1608,1000) (1578,1071)(22.6677,553.308) (23.0615,109.292)
(2336,1475) (2301,1391)(1537,1182) (1582,1058)(22.6677,553.308) (20.1707,103.629)
(2336,1475) (2301,1391)(1582,1058) (1608,1001)(22.6677,553.308) (24.5672,114.382)
(2336,1475) (2301,1391)(1607,991) (1630,929)(22.6677,553.308) (20.6841,104.478)
(2336,1475) (2301,1391)(1630,929) (1667,849)(22.6677,553.308) (24.7435,125.65)
(2336,1475) (2301,1391)(1667,849) (1752,699)(22.6677,553.308) (29.6992,154.429)
(2336,1475) (2301,1391)(1752,699) (1833,591)(22.6677,553.308) (36.8699,219)
(2336,1475) (2301,1391)(1833,591) (1933,501)(22.6677,553.308) (48.0128,336.043)
(2336,1475) (2301,1391)(1933,501) (1998,463)(22.6677,553.308) (59.6389,472.25)
(2336,1475) (2301,1391)(1998,463) (2054,439)(22.6677,553.308) (66.8014,555.295)
(2336,1475) (2301,1391)(2054,439) (2116,423)(22.6677,553.308) (75.4969,654.649)
(2336,1475) (2301,1391)(2116,423) (2184,418)(22.6677,553.308) (85.7968,763.351)
(2336,1475) (2301,1391)(1306,1945) (1361,1901)(22.6677,553.308) (308.66,359.356)
(2336,1475) (2301,1391)(1370,1628) (1353,1701)(22.6677,553.308) (13.3602,163.542)
(2336,1475) (2301,1391)(1359,1902) (1307,1943)(22.6677,553.308) (308.166,363.383)
(2336,1475) (2301,1391)(1307,1943) (1289,2017)(22.6677,553.308) (13.8462,145.855)
(2336,1475) (2301,1391)(2325,2010) (2322,1942)(22.6677,553.308) (2.5274,657.684)
(2336,1475) (2301,1391)(2184,699) (2196,616)(22.6677,553.308) (351.818,471.197)
(2336,1475) (2301,1391)(2196,616) (2233,521)(22.6677,553.308) (338.827,304.892)
(2284,1320) (2279,1166)(2183,418) (2104,425)(1.94448,648.541) (84.9086,754.222)
(2284,1320) (2279,1166)(2051,440) (1996,464)(1.94448,648.541) (66.4063,550.99)
(2284,1320) (2279,1166)(1996,464) (1931,502)(1.94448,648.541) (59.6389,472.396)
(2284,1320) (2279,1166)(1931,502) (1825,599)(1.94448,648.541) (47.5638,330.789)
(2284,1320) (2279,1166)(1825,599) (1753,697)(1.94448,648.541) (36.4972,214.513)
(2284,1320) (2279,1166)(1753,697) (1665,853)(1.94448,648.541) (29.5604,153.538)
(2284,1320) (2279,1166)(1665,853) (1631,926)(1.94448,648.541) (25.1531,126.724)
(2284,1320) (2279,1166)(1608,1000) (1578,1071)(1.94448,648.541) (23.0615,109.292)
(2284,1320) (2279,1166)(1537,1182) (1582,1058)(1.94448,648.541) (20.1707,103.629)
(2284,1320) (2279,1166)(1582,1058) (1608,1001)(1.94448,648.541) (24.5672,114.382)
(2284,1320) (2279,1166)(1607,991) (1630,929)(1.94448,648.541) (20.6841,104.478)
(2284,1320) (2279,1166)(1630,929) (1667,849)(1.94448,648.541) (24.7435,125.65)
(2284,1320) (2279,1166)(1667,849) (1752,699)(1.94448,648.541) (29.6992,154.429)
(2284,1320) (2279,1166)(1752,699) (1833,591)(1.94448,648.541) (36.8699,219)
(2284,1320) (2279,1166)(1833,591) (1933,501)(1.94448,648.541) (48.0128,336.043)
(2284,1320) (2279,1166)(1933,501) (1998,463)(1.94448,648.541) (59.6389,472.25)
(2284,1320) (2279,1166)(1998,463) (2054,439)(1.94448,648.541) (66.8014,555.295)
(2284,1320) (2279,1166)(2054,439) (2116,423)(1.94448,648.541) (75.4969,654.649)
(2284,1320) (2279,1166)(2116,423) (2184,418)(1.94448,648.541) (85.7968,763.351)
(2284,1320) (2279,1166)(1306,1945) (1361,1901)(1.94448,648.541) (308.66,359.356)
(2284,1320) (2279,1166)(1359,1902) (1307,1943)(1.94448,648.541) (308.166,363.383)
(2284,1320) (2279,1166)(1307,1943) (1289,2017)(1.94448,648.541) (13.8462,145.855)
(2284,1320) (2279,1166)(2196,616) (2233,521)(1.94448,648.541) (338.827,304.892)
(2236,1052) (2221,955)(2183,418) (2104,425)(8.87213,623.191) (84.9086,754.222)
(2236,1052) (2221,955)(2051,440) (1996,464)(8.87213,623.191) (66.4063,550.99)
(2236,1052) (2221,955)(1996,464) (1931,502)(8.87213,623.191) (59.6389,472.396)
(2236,1052) (2221,955)(1931,502) (1825,599)(8.87213,623.191) (47.5638,330.789)
(2236,1052) (2221,955)(1825,599) (1753,697)(8.87213,623.191) (36.4972,214.513)
(2236,1052) (2221,955)(1753,697) (1665,853)(8.87213,623.191) (29.5604,153.538)
(2236,1052) (2221,955)(1665,853) (1631,926)(8.87213,623.191) (25.1531,126.724)
(2236,1052) (2221,955)(1608,1000) (1578,1071)(8.87213,623.191) (23.0615,109.292)
(2236,1052) (2221,955)(1537,1182) (1582,1058)(8.87213,623.191) (20.1707,103.629)
(2236,1052) (2221,955)(1582,1058) (1608,1001)(8.87213,623.191) (24.5672,114.382)
(2236,1052) (2221,955)(1607,991) (1630,929)(8.87213,623.191) (20.6841,104.478)
(2236,1052) (2221,955)(1630,929) (1667,849)(8.87213,623.191) (24.7435,125.65)
(2236,1052) (2221,955)(1667,849) (1752,699)(8.87213,623.191) (29.6992,154.429)
(2236,1052) (2221,955)(1752,699) (1833,591)(8.87213,623.191) (36.8699,219)
(2236,1052) (2221,955)(1833,591) (1933,501)(8.87213,623.191) (48.0128,336.043)
(2236,1052) (2221,955)(1933,501) (1998,463)(8.87213,623.191) (59.6389,472.25)
(2236,1052) (2221,955)(1998,463) (2054,439)(8.87213,623.191) (66.8014,555.295)
(2236,1052) (2221,955)(2054,439) (2116,423)(8.87213,623.191) (75.4969,654.649)
(2236,1052) (2221,955)(2116,423) (2184,418)(8.87213,623.191) (85.7968,763.351)
(2236,1052) (2221,955)(1370,1628) (1353,1701)(8.87213,623.191) (13.3602,163.542)
(2236,1052) (2221,955)(1307,1943) (1289,2017)(8.87213,623.191) (13.8462,145.855)
(2236,1052) (2221,955)(2184,699) (2196,616)(8.87213,623.191) (351.818,471.197)
(2236,1052) (2221,955)(2196,616) (2233,521)(8.87213,623.191) (338.827,304.892)
(2216,931) (2200,754)(2183,418) (2104,425)(5.19443,608.007) (84.9086,754.222)
(2216,931) (2200,754)(2051,440) (1996,464)(5.19443,608.007) (66.4063,550.99)
(2216,931) (2200,754)(1996,464) (1931,502)(5.19443,608.007) (59.6389,472.396)
(2216,931) (2200,754)(1931,502) (1825,599)(5.19443,608.007) (47.5638,330.789)
(2216,931) (2200,754)(1825,599) (1753,697)(5.19443,608.007) (36.4972,214.513)
(2216,931) (2200,754)(1753,697) (1665,853)(5.19443,608.007) (29.5604,153.538)
(2216,931) (2200,754)(1665,853) (1631,926)(5.19443,608.007) (25.1531,126.724)
(2216,931) (2200,754)(1608,1000) (1578,1071)(5.19443,608.007) (23.0615,109.292)
(2216,931) (2200,754)(1537,1182) (1582,1058)(5.19443,608.007) (20.1707,103.629)
(2216,931) (2200,754)(1582,1058) (1608,1001)(5.19443,608.007) (24.5672,114.382)
(2216,931) (2200,754)(1607,991) (1630,929)(5.19443,608.007) (20.6841,104.478)
(2216,931) (2200,754)(1630,929) (1667,849)(5.19443,608.007) (24.7435,125.65)
(2216,931) (2200,754)(1667,849) (1752,699)(5.19443,608.007) (29.6992,154.429)
(2216,931) (2200,754)(1752,699) (1833,591)(5.19443,608.007) (36.8699,219)
(2216,931) (2200,754)(1833,591) (1933,501)(5.19443,608.007) (48.0128,336.043)
(2216,931) (2200,754)(1933,501) (1998,463)(5.19443,608.007) (59.6389,472.25)
(2216,931) (2200,754)(1998,463) (2054,439)(5.19443,608.007) (66.8014,555.295)
(2216,931) (2200,754)(2054,439) (2116,423)(5.19443,608.007) (75.4969,654.649)
(2216,931) (2200,754)(2116,423) (2184,418)(5.19443,608.007) (85.7968,763.351)
(2216,931) (2200,754)(1370,1628) (1353,1701)(5.19443,608.007) (13.3602,163.542)
(2216,931) (2200,754)(1307,1943) (1289,2017)(5.19443,608.007) (13.8462,145.855)
(2216,931) (2200,754)(2196,616) (2233,521)(5.19443,608.007) (338.827,304.892)
(2184,699) (2196,616)(2183,418) (2104,425)(351.818,471.197) (84.9086,754.222)
(2184,699) (2196,616)(2051,440) (1996,464)(351.818,471.197) (66.4063,550.99)
(2184,699) (2196,616)(1996,464) (1931,502)(351.818,471.197) (59.6389,472.396)
(2184,699) (2196,616)(1931,502) (1825,599)(351.818,471.197) (47.5638,330.789)
(2184,699) (2196,616)(1825,599) (1753,697)(351.818,471.197) (36.4972,214.513)
(2184,699) (2196,616)(1753,697) (1665,853)(351.818,471.197) (29.5604,153.538)
(2184,699) (2196,616)(1665,853) (1631,926)(351.818,471.197) (25.1531,126.724)
(2184,699) (2196,616)(1582,1058) (1608,1001)(351.818,471.197) (24.5672,114.382)
(2184,699) (2196,616)(1630,929) (1667,849)(351.818,471.197) (24.7435,125.65)
(2184,699) (2196,616)(1667,849) (1752,699)(351.818,471.197) (29.6992,154.429)
(2184,699) (2196,616)(1752,699) (1833,591)(351.818,471.197) (36.8699,219)
(2184,699) (2196,616)(1833,591) (1933,501)(351.818,471.197) (48.0128,336.043)
(2184,699) (2196,616)(1933,501) (1998,463)(351.818,471.197) (59.6389,472.25)
(2184,699) (2196,616)(1998,463) (2054,439)(351.818,471.197) (66.8014,555.295)
(2184,699) (2196,616)(2054,439) (2116,423)(351.818,471.197) (75.4969,654.649)
(2184,699) (2196,616)(2116,423) (2184,418)(351.818,471.197) (85.7968,763.351)
(2184,699) (2196,616)(2377,1711) (2365,1633)(351.818,471.197) (8.77908,662.285)
(2184,699) (2196,616)(2236,1052) (2221,955)(351.818,471.197) (8.87213,623.191)
(2196,616) (2233,521)(2183,418) (2104,425)(338.827,304.892) (84.9086,754.222)
(2196,616) (2233,521)(2051,440) (1996,464)(338.827,304.892) (66.4063,550.99)
(2196,616) (2233,521)(1996,464) (1931,502)(338.827,304.892) (59.6389,472.396)
(2196,616) (2233,521)(1931,502) (1825,599)(338.827,304.892) (47.5638,330.789)
(2196,616) (2233,521)(1825,599) (1753,697)(338.827,304.892) (36.4972,214.513)
(2196,616) (2233,521)(1752,699) (1833,591)(338.827,304.892) (36.8699,219)
(2196,616) (2233,521)(1833,591) (1933,501)(338.827,304.892) (48.0128,336.043)
(2196,616) (2233,521)(1933,501) (1998,463)(338.827,304.892) (59.6389,472.25)
(2196,616) (2233,521)(1998,463) (2054,439)(338.827,304.892) (66.8014,555.295)
(2196,616) (2233,521)(2054,439) (2116,423)(338.827,304.892) (75.4969,654.649)
(2196,616) (2233,521)(2116,423) (2184,418)(338.827,304.892) (85.7968,763.351)
(2196,616) (2233,521)(2325,2010) (2322,1942)(338.827,304.892) (2.5274,657.684)
(2196,616) (2233,521)(2377,1711) (2365,1633)(338.827,304.892) (8.77908,662.285)
(2196,616) (2233,521)(2284,1320) (2279,1166)(338.827,304.892) (1.94448,648.541)
